Region	Enabled	DataFlag	Start	End	Step	Sweeps	Dwell	Mode	CAE/CRR	Mag	Divide by Ten	Notes	Function	Line-Style	Point-Style	Sweeps-Acquired
1	true	Original	1386.7	50.0	-0.5	1	0.200	CAE	50.00	High	false		7 Channel Acquisition			1
Layer	Enabled	DataFlag	Notes	Formula	Line-Style	Point-Style
1	True		Ch(1)+Ch(2)+Ch(3)+Ch(4)+Ch(5)+Ch(6)+Ch(7)		
Energy	Counts
1386.7	431
1386.2	415
1385.7	420
1385.2	435
1384.7	383
1384.2	391
1383.7	434
1383.2	416
1382.7	429
1382.2	414
1381.7	401
1381.2	395
1380.7	382
1380.2	394
1379.7	414
1379.2	387
1378.7	395
1378.2	411
1377.7	377
1377.2	385
1376.7	392
1376.2	399
1375.7	386
1375.2	382
1374.7	393
1374.2	406
1373.7	381
1373.2	412
1372.7	406
1372.2	394
1371.7	386
1371.2	369
1370.7	384
1370.2	347
1369.7	344
1369.2	404
1368.7	385
1368.2	354
1367.7	382
1367.2	384
1366.7	365
1366.2	378
1365.7	378
1365.2	382
1364.7	355
1364.2	377
1363.7	388
1363.2	374
1362.7	378
1362.2	389
1361.7	388
1361.2	374
1360.7	378
1360.2	352
1359.7	340
1359.2	363
1358.7	367
1358.2	381
1357.7	358
1357.2	365
1356.7	357
1356.2	337
1355.7	370
1355.2	365
1354.7	375
1354.2	334
1353.7	360
1353.2	382
1352.7	354
1352.2	352
1351.7	366
1351.2	345
1350.7	342
1350.2	367
1349.7	343
1349.2	346
1348.7	321
1348.2	333
1347.7	356
1347.2	360
1346.7	356
1346.2	357
1345.7	333
1345.2	345
1344.7	350
1344.2	341
1343.7	337
1343.2	337
1342.7	360
1342.2	336
1341.7	318
1341.2	356
1340.7	381
1340.2	345
1339.7	352
1339.2	346
1338.7	346
1338.2	327
1337.7	335
1337.2	336
1336.7	325
1336.2	301
1335.7	336
1335.2	323
1334.7	333
1334.2	341
1333.7	329
1333.2	327
1332.7	328
1332.2	329
1331.7	340
1331.2	329
1330.7	340
1330.2	338
1329.7	322
1329.2	296
1328.7	325
1328.2	321
1327.7	335
1327.2	341
1326.7	328
1326.2	325
1325.7	342
1325.2	341
1324.7	348
1324.2	330
1323.7	336
1323.2	336
1322.7	309
1322.2	288
1321.7	304
1321.2	334
1320.7	340
1320.2	305
1319.7	347
1319.2	322
1318.7	295
1318.2	312
1317.7	317
1317.2	329
1316.7	310
1316.2	327
1315.7	310
1315.2	307
1314.7	314
1314.2	318
1313.7	316
1313.2	309
1312.7	326
1312.2	304
1311.7	307
1311.2	319
1310.7	307
1310.2	326
1309.7	327
1309.2	329
1308.7	310
1308.2	308
1307.7	312
1307.2	327
1306.7	314
1306.2	330
1305.7	315
1305.2	324
1304.7	360
1304.2	338
1303.7	339
1303.2	315
1302.7	323
1302.2	284
1301.7	327
1301.2	337
1300.7	324
1300.2	308
1299.7	310
1299.2	327
1298.7	299
1298.2	309
1297.7	334
1297.2	317
1296.7	290
1296.2	298
1295.7	305
1295.2	310
1294.7	277
1294.2	309
1293.7	304
1293.2	306
1292.7	318
1292.2	304
1291.7	334
1291.2	306
1290.7	327
1290.2	335
1289.7	333
1289.2	311
1288.7	317
1288.2	362
1287.7	322
1287.2	284
1286.7	325
1286.2	323
1285.7	336
1285.2	320
1284.7	350
1284.2	331
1283.7	338
1283.2	326
1282.7	337
1282.2	329
1281.7	317
1281.2	312
1280.7	285
1280.2	333
1279.7	312
1279.2	327
1278.7	329
1278.2	321
1277.7	339
1277.2	315
1276.7	349
1276.2	361
1275.7	338
1275.2	324
1274.7	334
1274.2	306
1273.7	311
1273.2	335
1272.7	309
1272.2	324
1271.7	318
1271.2	339
1270.7	297
1270.2	280
1269.7	318
1269.2	331
1268.7	343
1268.2	304
1267.7	287
1267.2	322
1266.7	317
1266.2	323
1265.7	330
1265.2	328
1264.7	344
1264.2	322
1263.7	299
1263.2	335
1262.7	341
1262.2	352
1261.7	332
1261.2	305
1260.7	299
1260.2	327
1259.7	300
1259.2	310
1258.7	303
1258.2	315
1257.7	311
1257.2	315
1256.7	332
1256.2	298
1255.7	294
1255.2	334
1254.7	346
1254.2	332
1253.7	308
1253.2	340
1252.7	315
1252.2	318
1251.7	307
1251.2	310
1250.7	315
1250.2	312
1249.7	333
1249.2	334
1248.7	329
1248.2	346
1247.7	327
1247.2	337
1246.7	337
1246.2	340
1245.7	349
1245.2	339
1244.7	351
1244.2	304
1243.7	351
1243.2	358
1242.7	301
1242.2	302
1241.7	333
1241.2	323
1240.7	358
1240.2	345
1239.7	347
1239.2	345
1238.7	340
1238.2	318
1237.7	338
1237.2	303
1236.7	324
1236.2	335
1235.7	341
1235.2	323
1234.7	344
1234.2	316
1233.7	337
1233.2	349
1232.7	344
1232.2	338
1231.7	322
1231.2	313
1230.7	373
1230.2	361
1229.7	342
1229.2	367
1228.7	349
1228.2	357
1227.7	386
1227.2	351
1226.7	368
1226.2	345
1225.7	340
1225.2	353
1224.7	333
1224.2	333
1223.7	345
1223.2	337
1222.7	365
1222.2	339
1221.7	339
1221.2	364
1220.7	346
1220.2	327
1219.7	314
1219.2	317
1218.7	300
1218.2	339
1217.7	336
1217.2	309
1216.7	310
1216.2	333
1215.7	324
1215.2	335
1214.7	301
1214.2	325
1213.7	314
1213.2	321
1212.7	297
1212.2	300
1211.7	312
1211.2	325
1210.7	311
1210.2	273
1209.7	342
1209.2	315
1208.7	310
1208.2	310
1207.7	271
1207.2	265
1206.7	306
1206.2	314
1205.7	302
1205.2	302
1204.7	280
1204.2	295
1203.7	331
1203.2	293
1202.7	286
1202.2	293
1201.7	305
1201.2	330
1200.7	312
1200.2	320
1199.7	324
1199.2	294
1198.7	279
1198.2	295
1197.7	322
1197.2	311
1196.7	310
1196.2	302
1195.7	299
1195.2	334
1194.7	299
1194.2	294
1193.7	313
1193.2	303
1192.7	287
1192.2	312
1191.7	333
1191.2	320
1190.7	317
1190.2	280
1189.7	331
1189.2	329
1188.7	332
1188.2	310
1187.7	306
1187.2	300
1186.7	313
1186.2	312
1185.7	331
1185.2	345
1184.7	307
1184.2	326
1183.7	327
1183.2	306
1182.7	330
1182.2	335
1181.7	316
1181.2	309
1180.7	304
1180.2	317
1179.7	315
1179.2	313
1178.7	292
1178.2	290
1177.7	330
1177.2	327
1176.7	303
1176.2	316
1175.7	328
1175.2	333
1174.7	303
1174.2	318
1173.7	301
1173.2	327
1172.7	311
1172.2	317
1171.7	313
1171.2	326
1170.7	308
1170.2	291
1169.7	321
1169.2	330
1168.7	314
1168.2	325
1167.7	317
1167.2	302
1166.7	319
1166.2	342
1165.7	297
1165.2	308
1164.7	319
1164.2	307
1163.7	307
1163.2	306
1162.7	339
1162.2	334
1161.7	333
1161.2	329
1160.7	312
1160.2	323
1159.7	345
1159.2	328
1158.7	320
1158.2	330
1157.7	316
1157.2	328
1156.7	328
1156.2	319
1155.7	313
1155.2	311
1154.7	325
1154.2	322
1153.7	340
1153.2	328
1152.7	351
1152.2	370
1151.7	346
1151.2	338
1150.7	341
1150.2	319
1149.7	328
1149.2	316
1148.7	356
1148.2	330
1147.7	318
1147.2	314
1146.7	332
1146.2	321
1145.7	346
1145.2	357
1144.7	328
1144.2	334
1143.7	317
1143.2	318
1142.7	312
1142.2	315
1141.7	352
1141.2	337
1140.7	352
1140.2	333
1139.7	342
1139.2	341
1138.7	325
1138.2	350
1137.7	335
1137.2	347
1136.7	354
1136.2	355
1135.7	338
1135.2	311
1134.7	306
1134.2	347
1133.7	349
1133.2	334
1132.7	318
1132.2	343
1131.7	342
1131.2	343
1130.7	325
1130.2	306
1129.7	300
1129.2	367
1128.7	324
1128.2	330
1127.7	323
1127.2	324
1126.7	316
1126.2	343
1125.7	336
1125.2	373
1124.7	351
1124.2	340
1123.7	347
1123.2	338
1122.7	341
1122.2	321
1121.7	336
1121.2	297
1120.7	335
1120.2	314
1119.7	345
1119.2	343
1118.7	323
1118.2	314
1117.7	316
1117.2	334
1116.7	314
1116.2	318
1115.7	333
1115.2	347
1114.7	323
1114.2	343
1113.7	340
1113.2	349
1112.7	336
1112.2	362
1111.7	336
1111.2	347
1110.7	363
1110.2	377
1109.7	339
1109.2	369
1108.7	369
1108.2	379
1107.7	368
1107.2	360
1106.7	321
1106.2	381
1105.7	369
1105.2	339
1104.7	347
1104.2	354
1103.7	346
1103.2	356
1102.7	358
1102.2	338
1101.7	363
1101.2	372
1100.7	370
1100.2	349
1099.7	349
1099.2	353
1098.7	353
1098.2	334
1097.7	351
1097.2	338
1096.7	345
1096.2	368
1095.7	359
1095.2	346
1094.7	364
1094.2	332
1093.7	368
1093.2	369
1092.7	349
1092.2	361
1091.7	357
1091.2	347
1090.7	367
1090.2	402
1089.7	380
1089.2	358
1088.7	333
1088.2	379
1087.7	356
1087.2	344
1086.7	382
1086.2	360
1085.7	367
1085.2	353
1084.7	318
1084.2	368
1083.7	347
1083.2	372
1082.7	362
1082.2	363
1081.7	391
1081.2	362
1080.7	363
1080.2	397
1079.7	379
1079.2	406
1078.7	377
1078.2	359
1077.7	383
1077.2	368
1076.7	394
1076.2	407
1075.7	396
1075.2	354
1074.7	390
1074.2	370
1073.7	371
1073.2	354
1072.7	378
1072.2	373
1071.7	360
1071.2	392
1070.7	400
1070.2	385
1069.7	391
1069.2	375
1068.7	374
1068.2	384
1067.7	371
1067.2	374
1066.7	367
1066.2	380
1065.7	382
1065.2	386
1064.7	371
1064.2	364
1063.7	402
1063.2	370
1062.7	392
1062.2	403
1061.7	391
1061.2	387
1060.7	374
1060.2	379
1059.7	370
1059.2	377
1058.7	381
1058.2	377
1057.7	365
1057.2	414
1056.7	354
1056.2	362
1055.7	393
1055.2	362
1054.7	378
1054.2	377
1053.7	393
1053.2	351
1052.7	389
1052.2	396
1051.7	389
1051.2	380
1050.7	393
1050.2	404
1049.7	409
1049.2	372
1048.7	386
1048.2	398
1047.7	394
1047.2	383
1046.7	385
1046.2	405
1045.7	395
1045.2	410
1044.7	389
1044.2	378
1043.7	389
1043.2	381
1042.7	415
1042.2	400
1041.7	424
1041.2	400
1040.7	382
1040.2	400
1039.7	388
1039.2	387
1038.7	424
1038.2	422
1037.7	427
1037.2	388
1036.7	409
1036.2	417
1035.7	417
1035.2	392
1034.7	415
1034.2	412
1033.7	396
1033.2	393
1032.7	402
1032.2	397
1031.7	392
1031.2	364
1030.7	402
1030.2	425
1029.7	419
1029.2	403
1028.7	434
1028.2	403
1027.7	388
1027.2	418
1026.7	419
1026.2	407
1025.7	398
1025.2	414
1024.7	391
1024.2	387
1023.7	420
1023.2	378
1022.7	404
1022.2	407
1021.7	426
1021.2	396
1020.7	444
1020.2	438
1019.7	431
1019.2	409
1018.7	411
1018.2	420
1017.7	440
1017.2	455
1016.7	404
1016.2	428
1015.7	404
1015.2	387
1014.7	414
1014.2	437
1013.7	428
1013.2	431
1012.7	425
1012.2	435
1011.7	463
1011.2	433
1010.7	420
1010.2	423
1009.7	419
1009.2	395
1008.7	405
1008.2	447
1007.7	444
1007.2	418
1006.7	412
1006.2	435
1005.7	460
1005.2	432
1004.7	476
1004.2	436
1003.7	425
1003.2	414
1002.7	435
1002.2	435
1001.7	463
1001.2	406
1000.7	432
1000.2	459
999.7	435
999.2	419
998.7	436
998.2	473
997.7	449
997.2	436
996.7	436
996.2	431
995.7	466
995.2	448
994.7	446
994.2	459
993.7	454
993.2	432
992.7	419
992.2	445
991.7	440
991.2	455
990.7	430
990.2	461
989.7	414
989.2	399
988.7	421
988.2	445
987.7	437
987.2	441
986.7	436
986.2	413
985.7	392
985.2	404
984.7	390
984.2	364
983.7	409
983.2	413
982.7	428
982.2	405
981.7	414
981.2	429
980.7	477
980.2	435
979.7	449
979.2	447
978.7	474
978.2	478
977.7	488
977.2	464
976.7	499
976.2	526
975.7	552
975.2	559
974.7	535
974.2	503
973.7	535
973.2	504
972.7	505
972.2	474
971.7	465
971.2	466
970.7	419
970.2	394
969.7	405
969.2	417
968.7	415
968.2	372
967.7	379
967.2	367
966.7	366
966.2	349
965.7	356
965.2	306
964.7	326
964.2	337
963.7	345
963.2	308
962.7	340
962.2	349
961.7	322
961.2	337
960.7	327
960.2	317
959.7	344
959.2	323
958.7	338
958.2	327
957.7	329
957.2	321
956.7	342
956.2	329
955.7	327
955.2	305
954.7	340
954.2	315
953.7	331
953.2	350
952.7	336
952.2	341
951.7	342
951.2	332
950.7	323
950.2	339
949.7	315
949.2	339
948.7	348
948.2	346
947.7	314
947.2	314
946.7	319
946.2	310
945.7	303
945.2	328
944.7	320
944.2	325
943.7	329
943.2	316
942.7	343
942.2	342
941.7	311
941.2	318
940.7	298
940.2	306
939.7	343
939.2	338
938.7	339
938.2	333
937.7	321
937.2	323
936.7	319
936.2	334
935.7	349
935.2	356
934.7	337
934.2	333
933.7	327
933.2	333
932.7	338
932.2	330
931.7	329
931.2	323
930.7	350
930.2	328
929.7	338
929.2	332
928.7	333
928.2	322
927.7	365
927.2	324
926.7	324
926.2	323
925.7	334
925.2	359
924.7	350
924.2	361
923.7	355
923.2	320
922.7	335
922.2	324
921.7	317
921.2	337
920.7	343
920.2	322
919.7	315
919.2	335
918.7	340
918.2	345
917.7	323
917.2	334
916.7	347
916.2	363
915.7	360
915.2	349
914.7	381
914.2	349
913.7	342
913.2	343
912.7	353
912.2	337
911.7	330
911.2	362
910.7	353
910.2	339
909.7	342
909.2	357
908.7	335
908.2	334
907.7	356
907.2	357
906.7	335
906.2	323
905.7	329
905.2	357
904.7	333
904.2	352
903.7	355
903.2	337
902.7	351
902.2	339
901.7	335
901.2	334
900.7	358
900.2	373
899.7	359
899.2	381
898.7	328
898.2	318
897.7	339
897.2	362
896.7	341
896.2	365
895.7	350
895.2	360
894.7	354
894.2	368
893.7	359
893.2	369
892.7	347
892.2	329
891.7	318
891.2	347
890.7	347
890.2	343
889.7	350
889.2	347
888.7	333
888.2	348
887.7	325
887.2	304
886.7	332
886.2	333
885.7	348
885.2	349
884.7	361
884.2	358
883.7	353
883.2	364
882.7	373
882.2	346
881.7	356
881.2	350
880.7	387
880.2	389
879.7	344
879.2	354
878.7	372
878.2	359
877.7	338
877.2	367
876.7	336
876.2	373
875.7	339
875.2	349
874.7	350
874.2	382
873.7	367
873.2	377
872.7	372
872.2	373
871.7	373
871.2	376
870.7	357
870.2	362
869.7	368
869.2	337
868.7	349
868.2	322
867.7	320
867.2	347
866.7	345
866.2	330
865.7	331
865.2	362
864.7	359
864.2	356
863.7	363
863.2	356
862.7	351
862.2	363
861.7	340
861.2	342
860.7	374
860.2	400
859.7	368
859.2	372
858.7	359
858.2	345
857.7	363
857.2	379
856.7	385
856.2	381
855.7	398
855.2	409
854.7	381
854.2	389
853.7	372
853.2	366
852.7	359
852.2	358
851.7	336
851.2	332
850.7	351
850.2	354
849.7	346
849.2	340
848.7	357
848.2	345
847.7	354
847.2	351
846.7	338
846.2	336
845.7	358
845.2	370
844.7	349
844.2	350
843.7	331
843.2	336
842.7	347
842.2	373
841.7	361
841.2	321
840.7	341
840.2	365
839.7	338
839.2	329
838.7	353
838.2	345
837.7	337
837.2	381
836.7	370
836.2	362
835.7	354
835.2	350
834.7	356
834.2	322
833.7	354
833.2	391
832.7	410
832.2	377
831.7	373
831.2	339
830.7	378
830.2	371
829.7	355
829.2	343
828.7	365
828.2	354
827.7	341
827.2	352
826.7	365
826.2	342
825.7	347
825.2	367
824.7	362
824.2	367
823.7	357
823.2	357
822.7	334
822.2	319
821.7	324
821.2	350
820.7	368
820.2	355
819.7	361
819.2	338
818.7	359
818.2	344
817.7	384
817.2	362
816.7	373
816.2	338
815.7	369
815.2	357
814.7	336
814.2	378
813.7	377
813.2	331
812.7	363
812.2	345
811.7	343
811.2	331
810.7	352
810.2	372
809.7	354
809.2	378
808.7	351
808.2	351
807.7	372
807.2	361
806.7	358
806.2	347
805.7	351
805.2	356
804.7	375
804.2	369
803.7	349
803.2	338
802.7	363
802.2	361
801.7	328
801.2	362
800.7	366
800.2	357
799.7	320
799.2	362
798.7	349
798.2	370
797.7	350
797.2	361
796.7	388
796.2	332
795.7	374
795.2	367
794.7	389
794.2	358
793.7	359
793.2	369
792.7	382
792.2	370
791.7	324
791.2	341
790.7	345
790.2	337
789.7	369
789.2	381
788.7	355
788.2	367
787.7	384
787.2	368
786.7	353
786.2	351
785.7	346
785.2	353
784.7	350
784.2	343
783.7	348
783.2	337
782.7	367
782.2	370
781.7	360
781.2	392
780.7	390
780.2	363
779.7	358
779.2	349
778.7	386
778.2	401
777.7	409
777.2	382
776.7	399
776.2	331
775.7	380
775.2	390
774.7	389
774.2	364
773.7	400
773.2	375
772.7	350
772.2	364
771.7	353
771.2	383
770.7	358
770.2	368
769.7	364
769.2	363
768.7	369
768.2	388
767.7	380
767.2	369
766.7	387
766.2	360
765.7	368
765.2	380
764.7	379
764.2	345
763.7	358
763.2	341
762.7	333
762.2	355
761.7	336
761.2	371
760.7	379
760.2	386
759.7	359
759.2	392
758.7	374
758.2	380
757.7	389
757.2	363
756.7	363
756.2	353
755.7	385
755.2	428
754.7	359
754.2	363
753.7	335
753.2	347
752.7	353
752.2	362
751.7	403
751.2	371
750.7	358
750.2	371
749.7	388
749.2	376
748.7	361
748.2	338
747.7	353
747.2	376
746.7	331
746.2	370
745.7	362
745.2	382
744.7	384
744.2	367
743.7	382
743.2	382
742.7	356
742.2	349
741.7	369
741.2	349
740.7	349
740.2	344
739.7	356
739.2	343
738.7	362
738.2	379
737.7	362
737.2	408
736.7	404
736.2	354
735.7	378
735.2	381
734.7	317
734.2	352
733.7	389
733.2	389
732.7	379
732.2	372
731.7	383
731.2	416
730.7	390
730.2	369
729.7	354
729.2	356
728.7	376
728.2	363
727.7	376
727.2	387
726.7	406
726.2	388
725.7	390
725.2	381
724.7	398
724.2	405
723.7	377
723.2	386
722.7	404
722.2	368
721.7	349
721.2	397
720.7	408
720.2	394
719.7	367
719.2	385
718.7	383
718.2	383
717.7	381
717.2	383
716.7	387
716.2	361
715.7	337
715.2	354
714.7	389
714.2	382
713.7	407
713.2	379
712.7	390
712.2	383
711.7	376
711.2	400
710.7	378
710.2	399
709.7	413
709.2	411
708.7	391
708.2	366
707.7	405
707.2	405
706.7	376
706.2	370
705.7	397
705.2	395
704.7	365
704.2	391
703.7	355
703.2	388
702.7	366
702.2	369
701.7	404
701.2	415
700.7	382
700.2	378
699.7	410
699.2	400
698.7	413
698.2	411
697.7	381
697.2	370
696.7	372
696.2	368
695.7	408
695.2	386
694.7	396
694.2	385
693.7	393
693.2	397
692.7	388
692.2	378
691.7	391
691.2	379
690.7	364
690.2	373
689.7	379
689.2	403
688.7	431
688.2	447
687.7	432
687.2	416
686.7	411
686.2	381
685.7	379
685.2	389
684.7	388
684.2	382
683.7	402
683.2	390
682.7	414
682.2	408
681.7	368
681.2	369
680.7	375
680.2	402
679.7	416
679.2	396
678.7	412
678.2	405
677.7	437
677.2	393
676.7	396
676.2	371
675.7	386
675.2	407
674.7	423
674.2	371
673.7	420
673.2	392
672.7	381
672.2	411
671.7	396
671.2	411
670.7	408
670.2	369
669.7	407
669.2	400
668.7	392
668.2	405
667.7	374
667.2	402
666.7	368
666.2	382
665.7	394
665.2	399
664.7	393
664.2	419
663.7	405
663.2	412
662.7	412
662.2	417
661.7	396
661.2	434
660.7	383
660.2	377
659.7	370
659.2	410
658.7	428
658.2	376
657.7	401
657.2	409
656.7	404
656.2	400
655.7	398
655.2	400
654.7	381
654.2	407
653.7	422
653.2	407
652.7	422
652.2	405
651.7	438
651.2	419
650.7	402
650.2	407
649.7	412
649.2	413
648.7	405
648.2	432
647.7	415
647.2	430
646.7	444
646.2	420
645.7	442
645.2	403
644.7	410
644.2	395
643.7	403
643.2	433
642.7	394
642.2	392
641.7	411
641.2	407
640.7	417
640.2	419
639.7	407
639.2	405
638.7	391
638.2	433
637.7	426
637.2	407
636.7	417
636.2	416
635.7	419
635.2	440
634.7	417
634.2	404
633.7	420
633.2	429
632.7	411
632.2	412
631.7	411
631.2	415
630.7	397
630.2	402
629.7	408
629.2	426
628.7	426
628.2	435
627.7	396
627.2	436
626.7	416
626.2	426
625.7	413
625.2	409
624.7	400
624.2	412
623.7	423
623.2	440
622.7	397
622.2	401
621.7	410
621.2	424
620.7	446
620.2	441
619.7	437
619.2	441
618.7	426
618.2	412
617.7	402
617.2	402
616.7	410
616.2	442
615.7	409
615.2	407
614.7	433
614.2	402
613.7	407
613.2	415
612.7	436
612.2	440
611.7	441
611.2	416
610.7	415
610.2	431
609.7	406
609.2	436
608.7	453
608.2	431
607.7	408
607.2	414
606.7	392
606.2	388
605.7	400
605.2	419
604.7	404
604.2	435
603.7	419
603.2	446
602.7	424
602.2	420
601.7	440
601.2	423
600.7	458
600.2	441
599.7	433
599.2	431
598.7	406
598.2	397
597.7	418
597.2	435
596.7	427
596.2	426
595.7	461
595.2	443
594.7	440
594.2	406
593.7	448
593.2	427
592.7	484
592.2	458
591.7	437
591.2	416
590.7	418
590.2	405
589.7	449
589.2	479
588.7	441
588.2	448
587.7	433
587.2	460
586.7	468
586.2	425
585.7	428
585.2	478
584.7	442
584.2	461
583.7	440
583.2	446
582.7	481
582.2	437
581.7	425
581.2	442
580.7	456
580.2	430
579.7	435
579.2	452
578.7	411
578.2	462
577.7	453
577.2	427
576.7	445
576.2	445
575.7	480
575.2	454
574.7	464
574.2	444
573.7	443
573.2	438
572.7	435
572.2	479
571.7	514
571.2	444
570.7	457
570.2	459
569.7	469
569.2	442
568.7	476
568.2	453
567.7	432
567.2	424
566.7	423
566.2	463
565.7	443
565.2	436
564.7	456
564.2	428
563.7	435
563.2	435
562.7	412
562.2	442
561.7	448
561.2	448
560.7	447
560.2	449
559.7	449
559.2	445
558.7	447
558.2	450
557.7	448
557.2	443
556.7	433
556.2	445
555.7	462
555.2	460
554.7	468
554.2	505
553.7	483
553.2	482
552.7	458
552.2	438
551.7	463
551.2	492
550.7	421
550.2	445
549.7	485
549.2	474
548.7	457
548.2	441
547.7	453
547.2	436
546.7	465
546.2	457
545.7	450
545.2	462
544.7	413
544.2	435
543.7	429
543.2	414
542.7	417
542.2	384
541.7	390
541.2	365
540.7	347
540.2	361
539.7	385
539.2	340
538.7	330
538.2	347
537.7	333
537.2	309
536.7	298
536.2	338
535.7	311
535.2	334
534.7	308
534.2	341
533.7	400
533.2	448
532.7	560
532.2	758
531.7	996
531.2	1207
530.7	1267
530.2	1307
529.7	1296
529.2	1209
528.7	1154
528.2	984
527.7	761
527.2	556
526.7	411
526.2	334
525.7	307
525.2	284
524.7	279
524.2	287
523.7	274
523.2	278
522.7	254
522.2	261
521.7	266
521.2	269
520.7	276
520.2	272
519.7	289
519.2	286
518.7	284
518.2	285
517.7	266
517.2	312
516.7	288
516.2	292
515.7	270
515.2	270
514.7	279
514.2	293
513.7	288
513.2	272
512.7	256
512.2	277
511.7	274
511.2	249
510.7	298
510.2	270
509.7	304
509.2	261
508.7	294
508.2	304
507.7	284
507.2	260
506.7	262
506.2	240
505.7	307
505.2	286
504.7	282
504.2	320
503.7	267
503.2	276
502.7	270
502.2	279
501.7	268
501.2	271
500.7	291
500.2	275
499.7	290
499.2	283
498.7	277
498.2	280
497.7	267
497.2	273
496.7	278
496.2	274
495.7	274
495.2	284
494.7	311
494.2	270
493.7	293
493.2	286
492.7	271
492.2	265
491.7	294
491.2	266
490.7	269
490.2	277
489.7	278
489.2	293
488.7	314
488.2	298
487.7	289
487.2	302
486.7	294
486.2	302
485.7	293
485.2	283
484.7	276
484.2	283
483.7	257
483.2	285
482.7	281
482.2	305
481.7	293
481.2	265
480.7	277
480.2	293
479.7	287
479.2	294
478.7	301
478.2	296
477.7	277
477.2	281
476.7	278
476.2	280
475.7	279
475.2	319
474.7	301
474.2	282
473.7	298
473.2	283
472.7	294
472.2	317
471.7	302
471.2	279
470.7	282
470.2	304
469.7	288
469.2	293
468.7	290
468.2	282
467.7	297
467.2	280
466.7	260
466.2	278
465.7	299
465.2	284
464.7	305
464.2	293
463.7	289
463.2	274
462.7	291
462.2	300
461.7	277
461.2	255
460.7	283
460.2	279
459.7	284
459.2	294
458.7	291
458.2	306
457.7	294
457.2	277
456.7	297
456.2	302
455.7	325
455.2	303
454.7	307
454.2	283
453.7	299
453.2	276
452.7	280
452.2	287
451.7	310
451.2	307
450.7	288
450.2	305
449.7	316
449.2	330
448.7	307
448.2	316
447.7	275
447.2	311
446.7	323
446.2	305
445.7	277
445.2	308
444.7	302
444.2	298
443.7	328
443.2	298
442.7	296
442.2	274
441.7	297
441.2	342
440.7	307
440.2	296
439.7	303
439.2	302
438.7	293
438.2	298
437.7	292
437.2	279
436.7	311
436.2	305
435.7	284
435.2	317
434.7	318
434.2	313
433.7	346
433.2	354
432.7	326
432.2	370
431.7	341
431.2	377
430.7	348
430.2	336
429.7	333
429.2	364
428.7	330
428.2	326
427.7	333
427.2	307
426.7	299
426.2	286
425.7	289
425.2	280
424.7	290
424.2	298
423.7	261
423.2	295
422.7	304
422.2	277
421.7	288
421.2	301
420.7	289
420.2	288
419.7	279
419.2	281
418.7	278
418.2	280
417.7	321
417.2	295
416.7	313
416.2	295
415.7	287
415.2	279
414.7	299
414.2	289
413.7	272
413.2	271
412.7	275
412.2	267
411.7	297
411.2	294
410.7	272
410.2	286
409.7	305
409.2	315
408.7	284
408.2	290
407.7	250
407.2	298
406.7	299
406.2	277
405.7	260
405.2	294
404.7	274
404.2	267
403.7	264
403.2	260
402.7	300
402.2	298
401.7	263
401.2	286
400.7	274
400.2	279
399.7	278
399.2	291
398.7	287
398.2	286
397.7	284
397.2	273
396.7	279
396.2	289
395.7	306
395.2	277
394.7	278
394.2	301
393.7	301
393.2	275
392.7	293
392.2	268
391.7	280
391.2	299
390.7	287
390.2	290
389.7	295
389.2	291
388.7	297
388.2	294
387.7	282
387.2	305
386.7	312
386.2	311
385.7	288
385.2	269
384.7	265
384.2	292
383.7	286
383.2	275
382.7	284
382.2	301
381.7	293
381.2	303
380.7	295
380.2	282
379.7	300
379.2	285
378.7	278
378.2	312
377.7	301
377.2	308
376.7	302
376.2	313
375.7	318
375.2	278
374.7	295
374.2	295
373.7	300
373.2	284
372.7	297
372.2	304
371.7	322
371.2	321
370.7	312
370.2	271
369.7	291
369.2	286
368.7	298
368.2	286
367.7	303
367.2	328
366.7	296
366.2	317
365.7	313
365.2	284
364.7	288
364.2	308
363.7	311
363.2	288
362.7	281
362.2	294
361.7	298
361.2	304
360.7	293
360.2	330
359.7	317
359.2	308
358.7	341
358.2	328
357.7	336
357.2	328
356.7	275
356.2	272
355.7	286
355.2	290
354.7	285
354.2	286
353.7	294
353.2	258
352.7	286
352.2	273
351.7	266
351.2	282
350.7	286
350.2	267
349.7	274
349.2	288
348.7	298
348.2	319
347.7	333
347.2	370
346.7	385
346.2	424
345.7	494
345.2	491
344.7	515
344.2	496
343.7	411
343.2	385
342.7	326
342.2	309
341.7	304
341.2	283
340.7	248
340.2	264
339.7	243
339.2	246
338.7	237
338.2	247
337.7	234
337.2	214
336.7	235
336.2	228
335.7	252
335.2	244
334.7	286
334.2	299
333.7	384
333.2	431
332.7	506
332.2	540
331.7	631
331.2	626
330.7	560
330.2	512
329.7	438
329.2	335
328.7	289
328.2	263
327.7	225
327.2	211
326.7	200
326.2	191
325.7	182
325.2	210
324.7	206
324.2	199
323.7	176
323.2	173
322.7	199
322.2	207
321.7	193
321.2	206
320.7	177
320.2	183
319.7	185
319.2	179
318.7	193
318.2	191
317.7	173
317.2	189
316.7	187
316.2	181
315.7	193
315.2	185
314.7	178
314.2	182
313.7	173
313.2	177
312.7	192
312.2	201
311.7	204
311.2	194
310.7	182
310.2	177
309.7	178
309.2	178
308.7	198
308.2	208
307.7	214
307.2	183
306.7	189
306.2	178
305.7	161
305.2	194
304.7	177
304.2	178
303.7	201
303.2	178
302.7	145
302.2	171
301.7	153
301.2	174
300.7	171
300.2	174
299.7	184
299.2	196
298.7	170
298.2	164
297.7	180
297.2	178
296.7	174
296.2	170
295.7	167
295.2	170
294.7	181
294.2	160
293.7	157
293.2	169
292.7	136
292.2	143
291.7	163
291.2	160
290.7	155
290.2	158
289.7	185
289.2	168
288.7	153
288.2	183
287.7	199
287.2	228
286.7	250
286.2	295
285.7	359
285.2	398
284.7	375
284.2	364
283.7	360
283.2	305
282.7	290
282.2	248
281.7	190
281.2	168
280.7	158
280.2	161
279.7	165
279.2	153
278.7	164
278.2	159
277.7	151
277.2	124
276.7	146
276.2	139
275.7	158
275.2	157
274.7	141
274.2	156
273.7	151
273.2	144
272.7	144
272.2	167
271.7	148
271.2	165
270.7	142
270.2	169
269.7	151
269.2	145
268.7	144
268.2	147
267.7	164
267.2	148
266.7	151
266.2	154
265.7	172
265.2	158
264.7	167
264.2	175
263.7	153
263.2	151
262.7	151
262.2	160
261.7	157
261.2	160
260.7	153
260.2	146
259.7	164
259.2	153
258.7	160
258.2	159
257.7	153
257.2	150
256.7	162
256.2	162
255.7	161
255.2	140
254.7	175
254.2	189
253.7	174
253.2	159
252.7	145
252.2	153
251.7	158
251.2	157
250.7	177
250.2	162
249.7	148
249.2	168
248.7	167
248.2	148
247.7	154
247.2	150
246.7	157
246.2	173
245.7	157
245.2	144
244.7	155
244.2	160
243.7	189
243.2	165
242.7	168
242.2	138
241.7	150
241.2	176
240.7	173
240.2	179
239.7	176
239.2	157
238.7	182
238.2	180
237.7	164
237.2	159
236.7	167
236.2	150
235.7	144
235.2	144
234.7	158
234.2	167
233.7	161
233.2	168
232.7	163
232.2	165
231.7	157
231.2	166
230.7	145
230.2	159
229.7	152
229.2	164
228.7	177
228.2	158
227.7	178
227.2	167
226.7	172
226.2	171
225.7	166
225.2	169
224.7	170
224.2	167
223.7	166
223.2	174
222.7	195
222.2	143
221.7	176
221.2	170
220.7	175
220.2	182
219.7	171
219.2	172
218.7	172
218.2	174
217.7	160
217.2	158
216.7	165
216.2	161
215.7	164
215.2	140
214.7	158
214.2	151
213.7	165
213.2	173
212.7	138
212.2	157
211.7	176
211.2	169
210.7	152
210.2	155
209.7	173
209.2	193
208.7	156
208.2	165
207.7	161
207.2	171
206.7	182
206.2	169
205.7	173
205.2	150
204.7	164
204.2	174
203.7	157
203.2	168
202.7	152
202.2	164
201.7	165
201.2	150
200.7	147
200.2	148
199.7	147
199.2	163
198.7	168
198.2	158
197.7	179
197.2	177
196.7	217
196.2	204
195.7	187
195.2	191
194.7	197
194.2	203
193.7	181
193.2	179
192.7	142
192.2	154
191.7	165
191.2	129
190.7	130
190.2	143
189.7	109
189.2	111
188.7	88
188.2	88
187.7	87
187.2	81
186.7	79
186.2	76
185.7	86
185.2	120
184.7	198
184.2	325
183.7	454
183.2	560
182.7	628
182.2	623
181.7	613
181.2	725
180.7	743
180.2	611
179.7	474
179.2	265
178.7	135
178.2	83
177.7	52
177.2	40
176.7	33
176.2	34
175.7	36
175.2	41
174.7	34
174.2	32
173.7	32
173.2	43
172.7	42
172.2	43
171.7	46
171.2	39
170.7	49
170.2	35
169.7	33
169.2	35
168.7	40
168.2	41
167.7	40
167.2	35
166.7	27
166.2	38
165.7	33
165.2	32
164.7	42
164.2	33
163.7	29
163.2	37
162.7	38
162.2	43
161.7	38
161.2	40
160.7	39
160.2	38
159.7	41
159.2	38
158.7	35
158.2	31
157.7	28
157.2	39
156.7	35
156.2	33
155.7	37
155.2	31
154.7	37
154.2	40
153.7	38
153.2	38
152.7	42
152.2	30
151.7	45
151.2	38
150.7	42
150.2	38
149.7	35
149.2	30
148.7	49
148.2	37
147.7	37
147.2	40
146.7	38
146.2	38
145.7	41
145.2	43
144.7	33
144.2	38
143.7	36
143.2	32
142.7	34
142.2	39
141.7	38
141.2	39
140.7	35
140.2	42
139.7	45
139.2	49
138.7	46
138.2	40
137.7	38
137.2	32
136.7	41
136.2	41
135.7	46
135.2	47
134.7	32
134.2	43
133.7	40
133.2	39
132.7	35
132.2	34
131.7	50
131.2	38
130.7	37
130.2	51
129.7	50
129.2	35
128.7	35
128.2	45
127.7	46
127.2	36
126.7	33
126.2	31
125.7	43
125.2	47
124.7	40
124.2	31
123.7	27
123.2	40
122.7	32
122.2	41
121.7	52
121.2	48
120.7	34
120.2	46
119.7	41
119.2	40
118.7	49
118.2	44
117.7	37
117.2	51
116.7	38
116.2	38
115.7	34
115.2	37
114.7	39
114.2	37
113.7	33
113.2	49
112.7	43
112.2	39
111.7	41
111.2	45
110.7	43
110.2	49
109.7	46
109.2	43
108.7	50
108.2	41
107.7	29
107.2	37
106.7	46
106.2	41
105.7	40
105.2	46
104.7	47
104.2	49
103.7	38
103.2	39
102.7	43
102.2	41
101.7	32
101.2	37
100.7	41
100.2	47
99.7	29
99.2	39
98.7	36
98.2	36
97.7	34
97.2	40
96.7	38
96.2	40
95.7	41
95.2	40
94.7	46
94.2	40
93.7	43
93.2	45
92.7	45
92.2	43
91.7	39
91.2	35
90.7	47
90.2	47
89.7	45
89.2	36
88.7	42
88.2	45
87.7	45
87.2	42
86.7	52
86.2	44
85.7	48
85.2	46
84.7	45
84.2	44
83.7	37
83.2	43
82.7	32
82.2	38
81.7	41
81.2	49
80.7	54
80.2	40
79.7	42
79.2	40
78.7	43
78.2	37
77.7	39
77.2	37
76.7	31
76.2	43
75.7	50
75.2	40
74.7	40
74.2	42
73.7	55
73.2	49
72.7	47
72.2	44
71.7	57
71.2	47
70.7	52
70.2	48
69.7	36
69.2	42
68.7	45
68.2	41
67.7	47
67.2	46
66.7	42
66.2	42
65.7	46
65.2	40
64.7	46
64.2	38
63.7	33
63.2	33
62.7	40
62.2	43
61.7	33
61.2	39
60.7	42
60.2	43
59.7	40
59.2	33
58.7	39
58.2	31
57.7	28
57.2	28
56.7	38
56.2	41
55.7	39
55.2	32
54.7	47
54.2	44
53.7	43
53.2	54
52.7	54
52.2	61
51.7	75
51.2	66
50.7	64
50.2	49
Region	Enabled	DataFlag	Start	End	Step	Sweeps	Dwell	Mode	CAE/CRR	Mag	Divide by Ten	Notes	Function	Line-Style	Point-Style	Sweeps-Acquired
2	true	Original	520.000	545.000	0.100	20	0.200	CAE	20.00	High	false	O	7 Channel Acquisition			20
Layer	Enabled	DataFlag	Notes	Formula	Line-Style	Point-Style
1	True		Ch(1)+Ch(2)+Ch(3)+Ch(4)+Ch(5)+Ch(6)+Ch(7)		
Energy	Counts
520.000	1573
520.100	1557
520.200	1617
520.300	1596
520.400	1551
520.500	1592
520.600	1593
520.700	1624
520.800	1596
520.900	1622
521.000	1584
521.100	1559
521.200	1594
521.300	1579
521.400	1604
521.500	1665
521.600	1625
521.700	1585
521.800	1660
521.900	1579
522.000	1561
522.100	1581
522.200	1622
522.300	1590
522.400	1600
522.500	1613
522.600	1569
522.700	1610
522.800	1627
522.900	1558
523.000	1559
523.100	1599
523.200	1617
523.300	1610
523.400	1664
523.500	1587
523.600	1598
523.700	1662
523.800	1600
523.900	1558
524.000	1581
524.100	1592
524.200	1599
524.300	1561
524.400	1551
524.500	1586
524.600	1656
524.700	1595
524.800	1592
524.900	1603
525.000	1592
525.100	1616
525.200	1620
525.300	1601
525.400	1619
525.500	1643
525.600	1647
525.700	1642
525.800	1647
525.900	1654
526.000	1626
526.100	1654
526.200	1780
526.300	1748
526.400	1800
526.500	1876
526.600	1956
526.700	2055
526.800	2183
526.900	2251
527.000	2406
527.100	2607
527.200	2778
527.300	2992
527.400	3234
527.500	3646
527.600	3845
527.700	4090
527.800	4399
527.900	4862
528.000	5158
528.100	5639
528.200	5927
528.300	6150
528.400	6527
528.500	6627
528.600	6752
528.700	6829
528.800	6916
528.900	7228
529.000	7121
529.100	7194
529.200	7269
529.300	7360
529.400	7487
529.500	7394
529.600	7383
529.700	7476
529.800	7417
529.900	7417
530.000	7578
530.100	7544
530.200	7433
530.300	7448
530.400	7347
530.500	7464
530.600	7258
530.700	7161
530.800	7122
530.900	7236
531.000	7046
531.100	6895
531.200	6847
531.300	6814
531.400	6549
531.500	6312
531.600	6048
531.700	5714
531.800	5587
531.900	5472
532.000	5241
532.100	4895
532.200	4719
532.300	4445
532.400	4206
532.500	3999
532.600	3757
532.700	3457
532.800	3318
532.900	3028
533.000	2899
533.100	2841
533.200	2627
533.300	2561
533.400	2481
533.500	2477
533.600	2488
533.700	2441
533.800	2370
533.900	2333
534.000	2240
534.100	2234
534.200	2140
534.300	2107
534.400	2027
534.500	1982
534.600	1953
534.700	1860
534.800	1843
534.900	1817
535.000	1752
535.100	1738
535.200	1750
535.300	1709
535.400	1721
535.500	1688
535.600	1728
535.700	1765
535.800	1723
535.900	1680
536.000	1729
536.100	1821
536.200	1820
536.300	1757
536.400	1753
536.500	1786
536.600	1854
536.700	1773
536.800	1819
536.900	1768
537.000	1812
537.100	1867
537.200	1883
537.300	1794
537.400	1870
537.500	1905
537.600	1881
537.700	1890
537.800	1869
537.900	1882
538.000	1927
538.100	1882
538.200	1874
538.300	1925
538.400	1903
538.500	1963
538.600	2000
538.700	1965
538.800	1964
538.900	2013
539.000	1939
539.100	1990
539.200	2013
539.300	2027
539.400	2021
539.500	2027
539.600	2034
539.700	2023
539.800	2083
539.900	2075
540.000	2065
540.100	2068
540.200	2083
540.300	2111
540.400	2057
540.500	2145
540.600	2127
540.700	2199
540.800	2192
540.900	2146
541.000	2138
541.100	2161
541.200	2175
541.300	2257
541.400	2190
541.500	2157
541.600	2237
541.700	2239
541.800	2308
541.900	2278
542.000	2342
542.100	2294
542.200	2289
542.300	2247
542.400	2275
542.500	2374
542.600	2381
542.700	2331
542.800	2348
542.900	2317
543.000	2290
543.100	2315
543.200	2371
543.300	2365
543.400	2404
543.500	2367
543.600	2301
543.700	2429
543.800	2458
543.900	2417
544.000	2430
544.100	2401
544.200	2421
544.300	2466
544.400	2557
544.500	2418
544.600	2445
544.700	2481
544.800	2442
544.900	2439
545.000	2544
Region	Enabled	DataFlag	Start	End	Step	Sweeps	Dwell	Mode	CAE/CRR	Mag	Divide by Ten	Notes	Function	Line-Style	Point-Style	Sweeps-Acquired
3	true	Original	840.000	890.000	0.100	100	0.200	CAE	20.00	High	false	Ni	7 Channel Acquisition			100
Layer	Enabled	DataFlag	Notes	Formula	Line-Style	Point-Style
1	True		Ch(1)+Ch(2)+Ch(3)+Ch(4)+Ch(5)+Ch(6)+Ch(7)		
Energy	Counts
840.000	8637
840.100	8652
840.200	8628
840.300	8647
840.400	8808
840.500	8743
840.600	8646
840.700	8723
840.800	8697
840.900	8551
841.000	8662
841.100	8633
841.200	8783
841.300	8797
841.400	8644
841.500	8749
841.600	8682
841.700	8605
841.800	8678
841.900	8710
842.000	8737
842.100	8605
842.200	8690
842.300	8626
842.400	8527
842.500	8443
842.600	8671
842.700	8739
842.800	8572
842.900	8732
843.000	8623
843.100	8654
843.200	8669
843.300	8665
843.400	8627
843.500	8754
843.600	8672
843.700	8521
843.800	8478
843.900	8633
844.000	8626
844.100	8633
844.200	8629
844.300	8624
844.400	8698
844.500	8590
844.600	8508
844.700	8673
844.800	8571
844.900	8572
845.000	8728
845.100	8787
845.200	8533
845.300	8752
845.400	8639
845.500	8668
845.600	8609
845.700	8589
845.800	8480
845.900	8605
846.000	8617
846.100	8570
846.200	8621
846.300	8624
846.400	8688
846.500	8588
846.600	8534
846.700	8768
846.800	8654
846.900	8639
847.000	8753
847.100	8806
847.200	8674
847.300	8648
847.400	8741
847.500	8669
847.600	8692
847.700	8747
847.800	8623
847.900	8549
848.000	8656
848.100	8712
848.200	8626
848.300	8602
848.400	8704
848.500	8683
848.600	8601
848.700	8549
848.800	8570
848.900	8711
849.000	8801
849.100	8685
849.200	8646
849.300	8667
849.400	8645
849.500	8598
849.600	8502
849.700	8688
849.800	8682
849.900	8671
850.000	8537
850.100	8575
850.200	8640
850.300	8615
850.400	8632
850.500	8653
850.600	8607
850.700	8676
850.800	8613
850.900	8627
851.000	8567
851.100	8564
851.200	8613
851.300	8688
851.400	8684
851.500	8698
851.600	8807
851.700	8697
851.800	8737
851.900	8703
852.000	8728
852.100	8827
852.200	8889
852.300	8923
852.400	8888
852.500	8891
852.600	8946
852.700	8997
852.800	9129
852.900	9125
853.000	9408
853.100	9255
853.200	9546
853.300	9572
853.400	9603
853.500	9674
853.600	9769
853.700	9801
853.800	9910
853.900	9940
854.000	10013
854.100	10035
854.200	10156
854.300	10169
854.400	10287
854.500	10443
854.600	10357
854.700	10226
854.800	10081
854.900	10025
855.000	10205
855.100	10120
855.200	10065
855.300	9968
855.400	9893
855.500	9793
855.600	9674
855.700	9662
855.800	9618
855.900	9634
856.000	9595
856.100	9574
856.200	9589
856.300	9483
856.400	9369
856.500	9350
856.600	9308
856.700	9423
856.800	9331
856.900	9274
857.000	9197
857.100	9145
857.200	9298
857.300	9158
857.400	9381
857.500	9286
857.600	9158
857.700	9147
857.800	9283
857.900	9308
858.000	9325
858.100	9187
858.200	9261
858.300	9237
858.400	9238
858.500	9184
858.600	9326
858.700	9294
858.800	9364
858.900	9185
859.000	9348
859.100	9476
859.200	9541
859.300	9493
859.400	9395
859.500	9501
859.600	9477
859.700	9414
859.800	9360
859.900	9460
860.000	9580
860.100	9474
860.200	9333
860.300	9340
860.400	9439
860.500	9421
860.600	9474
860.700	9549
860.800	9435
860.900	9542
861.000	9434
861.100	9478
861.200	9381
861.300	9363
861.400	9363
861.500	9348
861.600	9313
861.700	9155
861.800	9376
861.900	9221
862.000	9387
862.100	9144
862.200	9423
862.300	9279
862.400	9303
862.500	9320
862.600	9225
862.700	9187
862.800	9194
862.900	9369
863.000	9218
863.100	9222
863.200	9096
863.300	9094
863.400	8981
863.500	9145
863.600	8995
863.700	8990
863.800	9093
863.900	9037
864.000	8971
864.100	8921
864.200	8917
864.300	8873
864.400	8999
864.500	9084
864.600	8938
864.700	9023
864.800	8984
864.900	8950
865.000	8941
865.100	8822
865.200	8781
865.300	8816
865.400	8869
865.500	8894
865.600	8812
865.700	8857
865.800	8954
865.900	8987
866.000	9051
866.100	8858
866.200	8897
866.300	8795
866.400	8814
866.500	8906
866.600	8788
866.700	8909
866.800	8843
866.900	8852
867.000	8836
867.100	8836
867.200	8762
867.300	8735
867.400	8765
867.500	8728
867.600	8826
867.700	8832
867.800	8847
867.900	8733
868.000	8739
868.100	8885
868.200	8727
868.300	8741
868.400	8691
868.500	8760
868.600	8856
868.700	8833
868.800	8888
868.900	8797
869.000	8615
869.100	8774
869.200	8799
869.300	8922
869.400	8948
869.500	8791
869.600	8860
869.700	8833
869.800	8882
869.900	8746
870.000	8738
870.100	8869
870.200	9091
870.300	9000
870.400	9035
870.500	9067
870.600	9112
870.700	9085
870.800	9231
870.900	9175
871.000	9243
871.100	9269
871.200	9254
871.300	9293
871.400	9266
871.500	9203
871.600	9491
871.700	9510
871.800	9433
871.900	9518
872.000	9444
872.100	9392
872.200	9463
872.300	9463
872.400	9599
872.500	9463
872.600	9504
872.700	9403
872.800	9177
872.900	9304
873.000	9335
873.100	9289
873.200	9481
873.300	9253
873.400	9179
873.500	9316
873.600	9242
873.700	9250
873.800	9183
873.900	9187
874.000	9236
874.100	9145
874.200	9218
874.300	9184
874.400	9102
874.500	9233
874.600	9304
874.700	9276
874.800	9221
874.900	9226
875.000	9314
875.100	9252
875.200	9246
875.300	9296
875.400	9208
875.500	9091
875.600	9133
875.700	9254
875.800	9062
875.900	9054
876.000	9237
876.100	9199
876.200	9087
876.300	9092
876.400	9196
876.500	9150
876.600	9283
876.700	9261
876.800	9119
876.900	9221
877.000	9145
877.100	9197
877.200	9165
877.300	9353
877.400	9136
877.500	9289
877.600	9175
877.700	9287
877.800	9163
877.900	9292
878.000	9266
878.100	9318
878.200	9220
878.300	9306
878.400	9394
878.500	9330
878.600	9247
878.700	9291
878.800	9295
878.900	9299
879.000	9338
879.100	9162
879.200	9195
879.300	9225
879.400	9422
879.500	9267
879.600	9278
879.700	9302
879.800	9300
879.900	9212
880.000	9075
880.100	9142
880.200	9078
880.300	9254
880.400	9223
880.500	9134
880.600	9250
880.700	9193
880.800	9261
880.900	9121
881.000	9240
881.100	9193
881.200	9116
881.300	9094
881.400	9044
881.500	9136
881.600	9067
881.700	9119
881.800	9137
881.900	9024
882.000	9074
882.100	9022
882.200	9149
882.300	9223
882.400	9057
882.500	9023
882.600	9026
882.700	8916
882.800	8911
882.900	8921
883.000	9065
883.100	9076
883.200	9080
883.300	9001
883.400	8976
883.500	8879
883.600	8920
883.700	9003
883.800	8955
883.900	8955
884.000	8965
884.100	8961
884.200	9010
884.300	8997
884.400	8930
884.500	8785
884.600	8807
884.700	8777
884.800	8782
884.900	8905
885.000	9045
885.100	8815
885.200	8906
885.300	8908
885.400	9060
885.500	9036
885.600	8902
885.700	8893
885.800	8917
885.900	8850
886.000	8783
886.100	8888
886.200	8790
886.300	8864
886.400	8849
886.500	8875
886.600	8923
886.700	9024
886.800	8973
886.900	8922
887.000	8956
887.100	8846
887.200	8749
887.300	8766
887.400	8836
887.500	8744
887.600	8852
887.700	9061
887.800	8832
887.900	8840
888.000	8755
888.100	8883
888.200	8996
888.300	8913
888.400	8825
888.500	8916
888.600	8822
888.700	8853
888.800	8887
888.900	8891
889.000	9010
889.100	8896
889.200	8760
889.300	8866
889.400	9033
889.500	8987
889.600	8827
889.700	8866
889.800	8795
889.900	8955
890.000	8972
Region	Enabled	DataFlag	Start	End	Step	Sweeps	Dwell	Mode	CAE/CRR	Mag	Divide by Ten	Notes	Function	Line-Style	Point-Style	Sweeps-Acquired
4	true	Original	170.000	190.000	0.100	20	0.200	CAE	20.00	High	false	Zr	7 Channel Acquisition			20
Layer	Enabled	DataFlag	Notes	Formula	Line-Style	Point-Style
1	True		Ch(1)+Ch(2)+Ch(3)+Ch(4)+Ch(5)+Ch(6)+Ch(7)		
Energy	Counts
170.000	266
170.100	270
170.200	254
170.300	244
170.400	259
170.500	271
170.600	243
170.700	238
170.800	284
170.900	299
171.000	266
171.100	250
171.200	249
171.300	233
171.400	260
171.500	255
171.600	239
171.700	257
171.800	270
171.900	251
172.000	246
172.100	247
172.200	231
172.300	226
172.400	264
172.500	281
172.600	253
172.700	256
172.800	280
172.900	254
173.000	261
173.100	250
173.200	242
173.300	259
173.400	265
173.500	256
173.600	264
173.700	241
173.800	237
173.900	257
174.000	260
174.100	269
174.200	268
174.300	258
174.400	262
174.500	253
174.600	253
174.700	248
174.800	261
174.900	289
175.000	233
175.100	238
175.200	263
175.300	244
175.400	243
175.500	261
175.600	258
175.700	245
175.800	260
175.900	258
176.000	269
176.100	268
176.200	258
176.300	245
176.400	269
176.500	269
176.600	278
176.700	246
176.800	250
176.900	277
177.000	289
177.100	258
177.200	265
177.300	253
177.400	248
177.500	284
177.600	288
177.700	245
177.800	264
177.900	262
178.000	253
178.100	270
178.200	279
178.300	327
178.400	360
178.500	389
178.600	410
178.700	470
178.800	540
178.900	626
179.000	741
179.100	864
179.200	982
179.300	1161
179.400	1392
179.500	1669
179.600	1976
179.700	2276
179.800	2630
179.900	2990
180.000	3368
180.100	3750
180.200	4100
180.300	4500
180.400	4740
180.500	5031
180.600	5313
180.700	5409
180.800	5449
180.900	5509
181.000	5311
181.100	5250
181.200	4883
181.300	4622
181.400	4370
181.500	4035
181.600	3802
181.700	3578
181.800	3406
181.900	3179
182.000	3124
182.100	3140
182.200	3155
182.300	3143
182.400	3352
182.500	3482
182.600	3572
182.700	3704
182.800	3730
182.900	3876
183.000	4056
183.100	4019
183.200	3990
183.300	3959
183.400	3814
183.500	3700
183.600	3505
183.700	3166
183.800	3008
183.900	2721
184.000	2412
184.100	2160
184.200	1920
184.300	1761
184.400	1571
184.500	1381
184.600	1244
184.700	1074
184.800	948
184.900	864
185.000	786
185.100	721
185.200	717
185.300	664
185.400	590
185.500	572
185.600	528
185.700	542
185.800	530
185.900	513
186.000	505
186.100	505
186.200	478
186.300	492
186.400	468
186.500	467
186.600	504
186.700	472
186.800	500
186.900	493
187.000	505
187.100	485
187.200	495
187.300	492
187.400	534
187.500	522
187.600	541
187.700	513
187.800	574
187.900	556
188.000	540
188.100	565
188.200	597
188.300	582
188.400	610
188.500	613
188.600	593
188.700	626
188.800	602
188.900	627
189.000	640
189.100	645
189.200	644
189.300	676
189.400	674
189.500	697
189.600	733
189.700	725
189.800	777
189.900	813
190.000	771
Layer	Enabled	DataFlag	Notes	Formula	Line-Style	Point-Style
2	False		0)		
Energy	Counts
170.000	0
170.100	0
170.200	0
170.300	0
170.400	0
170.500	0
170.600	0
170.700	0
170.800	0
170.900	0
171.000	0
171.100	0
171.200	0
171.300	0
171.400	0
171.500	0
171.600	0
171.700	0
171.800	0
171.900	0
172.000	0
172.100	0
172.200	0
172.300	0
172.400	0
172.500	0
172.600	0
172.700	0
172.800	0
172.900	0
173.000	0
173.100	0
173.200	0
173.300	0
173.400	0
173.500	0
173.600	0
173.700	0
173.800	0
173.900	0
174.000	0
174.100	0
174.200	0
174.300	0
174.400	0
174.500	0
174.600	0
174.700	0
174.800	0
174.900	0
175.000	0
175.100	0
175.200	0
175.300	0
175.400	0
175.500	0
175.600	0
175.700	0
175.800	0
175.900	0
176.000	0
176.100	0
176.200	0
176.300	0
176.400	0
176.500	0
176.600	0
176.700	0
176.800	0
176.900	0
177.000	0
177.100	0
177.200	0
177.300	0
177.400	0
177.500	0
177.600	0
177.700	0
177.800	0
177.900	0
178.000	0
178.100	0
178.200	0
178.300	0
178.400	0
178.500	0
178.600	0
178.700	0
178.800	0
178.900	0
179.000	0
179.100	0
179.200	0
179.300	0
179.400	0
179.500	0
179.600	0
179.700	0
179.800	0
179.900	0
180.000	0
180.100	0
180.200	0
180.300	0
180.400	0
180.500	0
180.600	0
180.700	0
180.800	0
180.900	0
181.000	0
181.100	0
181.200	0
181.300	0
181.400	0
181.500	0
181.600	0
181.700	0
181.800	0
181.900	0
182.000	0
182.100	0
182.200	0
182.300	0
182.400	0
182.500	0
182.600	0
182.700	0
182.800	0
182.900	0
183.000	0
183.100	0
183.200	0
183.300	0
183.400	0
183.500	0
183.600	0
183.700	0
183.800	0
183.900	0
184.000	0
184.100	0
184.200	0
184.300	0
184.400	0
184.500	0
184.600	0
184.700	0
184.800	0
184.900	0
185.000	0
185.100	0
185.200	0
185.300	0
185.400	0
185.500	0
185.600	0
185.700	0
185.800	0
185.900	0
186.000	0
186.100	0
186.200	0
186.300	0
186.400	0
186.500	0
186.600	0
186.700	0
186.800	0
186.900	0
187.000	0
187.100	0
187.200	0
187.300	0
187.400	0
187.500	0
187.600	0
187.700	0
187.800	0
187.900	0
188.000	0
188.100	0
188.200	0
188.300	0
188.400	0
188.500	0
188.600	0
188.700	0
188.800	0
188.900	0
189.000	0
189.100	0
189.200	0
189.300	0
189.400	0
189.500	0
189.600	0
189.700	0
189.800	0
189.900	0
190.000	0
Region	Enabled	DataFlag	Start	End	Step	Sweeps	Dwell	Mode	CAE/CRR	Mag	Divide by Ten	Notes	Function	Line-Style	Point-Style	Sweeps-Acquired
5	true	Original	520.000	545.000	0.100	1	0.200	CAE	20.00	High	false	O	7 Channel Acquisition			1
Layer	Enabled	DataFlag	Notes	Formula	Line-Style	Point-Style
1	True		Ch(1)+Ch(2)+Ch(3)+Ch(4)+Ch(5)+Ch(6)+Ch(7)		
Energy	Counts
520.000	96
520.100	80
520.200	77
520.300	84
520.400	77
520.500	79
520.600	78
520.700	79
520.800	76
520.900	77
521.000	83
521.100	92
521.200	69
521.300	73
521.400	75
521.500	88
521.600	83
521.700	76
521.800	79
521.900	83
522.000	84
522.100	80
522.200	64
522.300	60
522.400	69
522.500	76
522.600	72
522.700	96
522.800	83
522.900	79
523.000	72
523.100	80
523.200	70
523.300	75
523.400	74
523.500	74
523.600	83
523.700	72
523.800	78
523.900	65
524.000	82
524.100	73
524.200	74
524.300	75
524.400	77
524.500	80
524.600	83
524.700	95
524.800	84
524.900	67
525.000	66
525.100	71
525.200	75
525.300	66
525.400	63
525.500	78
525.600	79
525.700	74
525.800	70
525.900	87
526.000	84
526.100	91
526.200	92
526.300	86
526.400	95
526.500	103
526.600	99
526.700	97
526.800	106
526.900	131
527.000	129
527.100	124
527.200	132
527.300	157
527.400	162
527.500	168
527.600	195
527.700	194
527.800	216
527.900	226
528.000	232
528.100	264
528.200	274
528.300	294
528.400	292
528.500	342
528.600	321
528.700	363
528.800	327
528.900	353
529.000	343
529.100	351
529.200	371
529.300	352
529.400	356
529.500	391
529.600	353
529.700	362
529.800	370
529.900	335
530.000	348
530.100	379
530.200	371
530.300	367
530.400	368
530.500	382
530.600	342
530.700	357
530.800	340
530.900	341
531.000	342
531.100	335
531.200	335
531.300	322
531.400	304
531.500	309
531.600	303
531.700	303
531.800	267
531.900	256
532.000	247
532.100	227
532.200	223
532.300	226
532.400	202
532.500	190
532.600	177
532.700	175
532.800	189
532.900	170
533.000	177
533.100	150
533.200	149
533.300	138
533.400	138
533.500	103
533.600	105
533.700	114
533.800	131
533.900	125
534.000	105
534.100	112
534.200	121
534.300	113
534.400	110
534.500	96
534.600	102
534.700	93
534.800	75
534.900	95
535.000	101
535.100	86
535.200	92
535.300	108
535.400	106
535.500	91
535.600	89
535.700	95
535.800	85
535.900	90
536.000	90
536.100	86
536.200	82
536.300	86
536.400	83
536.500	86
536.600	86
536.700	93
536.800	87
536.900	87
537.000	74
537.100	91
537.200	77
537.300	88
537.400	80
537.500	98
537.600	102
537.700	96
537.800	87
537.900	97
538.000	86
538.100	89
538.200	96
538.300	91
538.400	91
538.500	111
538.600	98
538.700	89
538.800	100
538.900	91
539.000	96
539.100	87
539.200	99
539.300	92
539.400	94
539.500	97
539.600	100
539.700	110
539.800	119
539.900	104
540.000	96
540.100	88
540.200	108
540.300	109
540.400	102
540.500	107
540.600	104
540.700	101
540.800	103
540.900	116
541.000	107
541.100	103
541.200	92
541.300	116
541.400	112
541.500	113
541.600	107
541.700	102
541.800	96
541.900	107
542.000	108
542.100	108
542.200	116
542.300	130
542.400	128
542.500	122
542.600	97
542.700	90
542.800	110
542.900	117
543.000	108
543.100	106
543.200	114
543.300	105
543.400	118
543.500	117
543.600	107
543.700	118
543.800	104
543.900	108
544.000	114
544.100	113
544.200	113
544.300	105
544.400	128
544.500	119
544.600	119
544.700	127
544.800	129
544.900	139
545.000	131
Region	Enabled	DataFlag	Start	End	Step	Sweeps	Dwell	Mode	CAE/CRR	Mag	Divide by Ten	Notes	Function	Line-Style	Point-Style	Sweeps-Acquired
6	true	Original	275.000	295.000	0.100	10	0.200	CAE	20.00	High	false	C	7 Channel Acquisition			10
Layer	Enabled	DataFlag	Notes	Formula	Line-Style	Point-Style
1	True		Ch(1)+Ch(2)+Ch(3)+Ch(4)+Ch(5)+Ch(6)+Ch(7)		
Energy	Counts
275.000	497
275.100	443
275.200	479
275.300	497
275.400	455
275.500	448
275.600	462
275.700	491
275.800	451
275.900	463
276.000	450
276.100	489
276.200	460
276.300	437
276.400	463
276.500	492
276.600	498
276.700	473
276.800	464
276.900	440
277.000	427
277.100	438
277.200	472
277.300	483
277.400	488
277.500	466
277.600	446
277.700	467
277.800	457
277.900	445
278.000	432
278.100	445
278.200	434
278.300	463
278.400	465
278.500	442
278.600	463
278.700	468
278.800	439
278.900	434
279.000	451
279.100	495
279.200	481
279.300	443
279.400	453
279.500	492
279.600	481
279.700	487
279.800	488
279.900	484
280.000	464
280.100	450
280.200	433
280.300	457
280.400	478
280.500	487
280.600	499
280.700	478
280.800	475
280.900	478
281.000	475
281.100	488
281.200	525
281.300	498
281.400	502
281.500	516
281.600	531
281.700	551
281.800	551
281.900	587
282.000	642
282.100	638
282.200	680
282.300	722
282.400	760
282.500	762
282.600	842
282.700	829
282.800	864
282.900	950
283.000	961
283.100	982
283.200	1054
283.300	1039
283.400	1055
283.500	1072
283.600	1123
283.700	1121
283.800	1119
283.900	1170
284.000	1253
284.100	1203
284.200	1288
284.300	1374
284.400	1463
284.500	1509
284.600	1670
284.700	1739
284.800	1901
284.900	1997
285.000	2091
285.100	2169
285.200	2292
285.300	2335
285.400	2301
285.500	2291
285.600	2283
285.700	2184
285.800	1995
285.900	1944
286.000	1775
286.100	1578
286.200	1464
286.300	1360
286.400	1277
286.500	1248
286.600	1122
286.700	1069
286.800	1033
286.900	992
287.000	965
287.100	961
287.200	925
287.300	854
287.400	808
287.500	775
287.600	743
287.700	711
287.800	692
287.900	664
288.000	657
288.100	636
288.200	620
288.300	583
288.400	629
288.500	591
288.600	598
288.700	596
288.800	617
288.900	675
289.000	716
289.100	724
289.200	783
289.300	773
289.400	773
289.500	745
289.600	687
289.700	686
289.800	654
289.900	642
290.000	598
290.100	602
290.200	551
290.300	523
290.400	543
290.500	505
290.600	513
290.700	502
290.800	497
290.900	489
291.000	504
291.100	523
291.200	500
291.300	481
291.400	476
291.500	496
291.600	477
291.700	484
291.800	507
291.900	536
292.000	477
292.100	483
292.200	503
292.300	468
292.400	484
292.500	520
292.600	477
292.700	498
292.800	492
292.900	485
293.000	458
293.100	480
293.200	509
293.300	491
293.400	522
293.500	514
293.600	469
293.700	498
293.800	551
293.900	528
294.000	524
294.100	481
294.200	512
294.300	484
294.400	485
294.500	508
294.600	531
294.700	540
294.800	490
294.900	523
295.000	540
