0.000, -1.925e-10
-0.001, -4.710e-9
-0.002, -6.467e-9
-0.003, -7.584e-9
-0.004, -8.506e-9
-0.005, -9.318e-9
-0.006, -1.013e-8
-0.007, -1.081e-8
-0.008, -1.147e-8
-0.009, -1.214e-8
-0.010, -1.271e-8
-0.011, -1.331e-8
-0.012, -1.387e-8
-0.013, -1.442e-8
-0.014, -1.498e-8
-0.015, -1.544e-8
-0.016, -1.595e-8
-0.017, -1.641e-8
-0.018, -1.683e-8
-0.019, -1.733e-8
-0.020, -1.778e-8
-0.021, -1.816e-8
-0.022, -1.860e-8
-0.023, -1.897e-8
-0.024, -1.935e-8
-0.025, -1.976e-8
-0.026, -2.011e-8
-0.027, -2.046e-8
-0.028, -2.079e-8
-0.029, -2.113e-8
-0.030, -2.149e-8
-0.031, -2.181e-8
-0.032, -2.216e-8
-0.033, -2.250e-8
-0.034, -2.278e-8
-0.035, -2.312e-8
-0.036, -2.342e-8
-0.037, -2.370e-8
-0.038, -2.403e-8
-0.039, -2.432e-8
-0.040, -2.462e-8
-0.041, -2.493e-8
-0.042, -2.518e-8
-0.043, -2.548e-8
-0.044, -2.574e-8
-0.045, -2.601e-8
-0.046, -2.631e-8
-0.047, -2.654e-8
-0.048, -2.682e-8
-0.049, -2.710e-8
-0.050, -2.733e-8
-0.051, -2.767e-8
-0.052, -2.796e-8
-0.053, -2.813e-8
-0.054, -2.841e-8
-0.055, -2.865e-8
-0.056, -2.886e-8
-0.057, -2.913e-8
-0.058, -2.936e-8
-0.059, -2.960e-8
-0.060, -2.985e-8
-0.061, -3.007e-8
-0.062, -3.032e-8
-0.063, -3.053e-8
-0.064, -3.078e-8
-0.065, -3.104e-8
-0.066, -3.122e-8
-0.067, -3.146e-8
-0.068, -3.168e-8
-0.069, -3.185e-8
-0.070, -3.212e-8
-0.071, -3.233e-8
-0.072, -3.253e-8
-0.073, -3.278e-8
-0.074, -3.299e-8
-0.075, -3.320e-8
-0.076, -3.341e-8
-0.077, -3.360e-8
-0.078, -3.383e-8
-0.079, -3.401e-8
-0.080, -3.422e-8
-0.081, -3.446e-8
-0.082, -3.460e-8
-0.083, -3.483e-8
-0.084, -3.507e-8
-0.085, -3.524e-8
-0.086, -3.547e-8
-0.087, -3.567e-8
-0.088, -3.584e-8
-0.089, -3.606e-8
-0.090, -3.623e-8
-0.091, -3.643e-8
-0.092, -3.665e-8
-0.093, -3.683e-8
-0.094, -3.706e-8
-0.095, -3.724e-8
-0.096, -3.744e-8
-0.097, -3.765e-8
-0.098, -3.782e-8
-0.099, -3.803e-8
-0.100, -3.824e-8
-0.101, -3.839e-8
-0.102, -3.863e-8
-0.103, -3.885e-8
-0.104, -3.898e-8
-0.105, -3.920e-8
-0.106, -3.937e-8
-0.107, -3.956e-8
-0.108, -3.977e-8
-0.109, -3.993e-8
-0.110, -4.012e-8
-0.111, -4.029e-8
-0.112, -4.047e-8
-0.113, -4.069e-8
-0.114, -4.085e-8
-0.115, -4.105e-8
-0.116, -4.125e-8
-0.117, -4.139e-8
-0.118, -4.160e-8
-0.119, -4.180e-8
-0.120, -4.194e-8
-0.121, -4.215e-8
-0.122, -4.233e-8
-0.123, -4.250e-8
-0.124, -4.270e-8
-0.125, -4.286e-8
-0.126, -4.307e-8
-0.127, -4.324e-8
-0.128, -4.344e-8
-0.129, -4.364e-8
-0.130, -4.381e-8
-0.131, -4.401e-8
-0.132, -4.422e-8
-0.133, -4.435e-8
-0.134, -4.456e-8
-0.135, -4.474e-8
-0.136, -4.490e-8
-0.137, -4.510e-8
-0.138, -4.530e-8
-0.139, -4.548e-8
-0.140, -4.569e-8
-0.141, -4.587e-8
-0.142, -4.605e-8
-0.143, -4.624e-8
-0.144, -4.644e-8
-0.145, -4.664e-8
-0.146, -4.682e-8
-0.147, -4.703e-8
-0.148, -4.725e-8
-0.149, -4.742e-8
-0.150, -4.763e-8
-0.151, -4.784e-8
-0.152, -4.801e-8
-0.153, -4.825e-8
-0.154, -4.852e-8
-0.155, -4.866e-8
-0.156, -4.886e-8
-0.157, -4.908e-8
-0.158, -4.927e-8
-0.159, -4.948e-8
-0.160, -4.969e-8
-0.161, -4.991e-8
-0.162, -5.010e-8
-0.163, -5.030e-8
-0.164, -5.053e-8
-0.165, -5.072e-8
-0.166, -5.094e-8
-0.167, -5.116e-8
-0.168, -5.138e-8
-0.169, -5.161e-8
-0.170, -5.184e-8
-0.171, -5.206e-8
-0.172, -5.231e-8
-0.173, -5.255e-8
-0.174, -5.277e-8
-0.175, -5.301e-8
-0.176, -5.325e-8
-0.177, -5.347e-8
-0.178, -5.372e-8
-0.179, -5.397e-8
-0.180, -5.423e-8
-0.181, -5.446e-8
-0.182, -5.470e-8
-0.183, -5.495e-8
-0.184, -5.518e-8
-0.185, -5.544e-8
-0.186, -5.571e-8
-0.187, -5.596e-8
-0.188, -5.621e-8
-0.189, -5.646e-8
-0.190, -5.673e-8
-0.191, -5.700e-8
-0.192, -5.729e-8
-0.193, -5.753e-8
-0.194, -5.778e-8
-0.195, -5.804e-8
-0.196, -5.831e-8
-0.197, -5.859e-8
-0.198, -5.892e-8
-0.199, -5.921e-8
-0.200, -5.951e-8
-0.201, -5.990e-8
-0.202, -6.020e-8
-0.203, -6.046e-8
-0.204, -6.070e-8
-0.205, -6.105e-8
-0.206, -6.129e-8
-0.207, -6.155e-8
-0.208, -6.187e-8
-0.209, -6.215e-8
-0.210, -6.243e-8
-0.211, -6.274e-8
-0.212, -6.305e-8
-0.213, -6.333e-8
-0.214, -6.365e-8
-0.215, -6.397e-8
-0.216, -6.428e-8
-0.217, -6.459e-8
-0.218, -6.493e-8
-0.219, -6.523e-8
-0.220, -6.555e-8
-0.221, -6.589e-8
-0.222, -6.621e-8
-0.223, -6.654e-8
-0.224, -6.692e-8
-0.225, -6.742e-8
-0.226, -6.784e-8
-0.227, -6.820e-8
-0.228, -6.852e-8
-0.229, -6.885e-8
-0.230, -6.919e-8
-0.231, -6.952e-8
-0.232, -6.987e-8
-0.233, -7.022e-8
-0.234, -7.056e-8
-0.235, -7.088e-8
-0.236, -7.125e-8
-0.237, -7.165e-8
-0.238, -7.200e-8
-0.239, -7.234e-8
-0.240, -7.276e-8
-0.241, -7.315e-8
-0.242, -7.352e-8
-0.243, -7.394e-8
-0.244, -7.433e-8
-0.245, -7.473e-8
-0.246, -7.514e-8
-0.247, -7.561e-8
-0.248, -7.605e-8
-0.249, -7.643e-8
-0.250, -7.686e-8
-0.251, -7.729e-8
-0.252, -7.772e-8
-0.253, -7.817e-8
-0.254, -7.863e-8
-0.255, -7.906e-8
-0.256, -7.960e-8
-0.257, -8.005e-8
-0.258, -8.049e-8
-0.259, -8.098e-8
-0.260, -8.146e-8
-0.261, -8.192e-8
-0.262, -8.242e-8
-0.263, -8.290e-8
-0.264, -8.344e-8
-0.265, -8.396e-8
-0.266, -8.449e-8
-0.267, -8.503e-8
-0.268, -8.553e-8
-0.269, -8.611e-8
-0.270, -8.667e-8
-0.271, -8.722e-8
-0.272, -8.780e-8
-0.273, -8.837e-8
-0.274, -8.895e-8
-0.275, -8.958e-8
-0.276, -9.018e-8
-0.277, -9.079e-8
-0.278, -9.143e-8
-0.279, -9.206e-8
-0.280, -9.288e-8
-0.281, -9.361e-8
-0.282, -9.427e-8
-0.283, -9.492e-8
-0.284, -9.557e-8
-0.285, -9.629e-8
-0.286, -9.700e-8
-0.287, -9.766e-8
-0.288, -9.838e-8
-0.289, -9.909e-8
-0.290, -9.979e-8
-0.291, -1.005e-7
-0.292, -1.013e-7
-0.293, -1.020e-7
-0.294, -1.028e-7
-0.295, -1.035e-7
-0.296, -1.043e-7
-0.297, -1.051e-7
-0.298, -1.059e-7
-0.299, -1.067e-7
-0.300, -1.075e-7
-0.301, -1.083e-7
-0.302, -1.092e-7
-0.303, -1.100e-7
-0.304, -1.109e-7
-0.305, -1.117e-7
-0.306, -1.125e-7
-0.307, -1.135e-7
-0.308, -1.143e-7
-0.309, -1.152e-7
-0.310, -1.161e-7
-0.311, -1.170e-7
-0.312, -1.180e-7
-0.313, -1.189e-7
-0.314, -1.198e-7
-0.315, -1.208e-7
-0.316, -1.217e-7
-0.317, -1.227e-7
-0.318, -1.238e-7
-0.319, -1.247e-7
-0.320, -1.258e-7
-0.321, -1.268e-7
-0.322, -1.279e-7
-0.323, -1.290e-7
-0.324, -1.302e-7
-0.325, -1.315e-7
-0.326, -1.325e-7
-0.327, -1.334e-7
-0.328, -1.344e-7
-0.329, -1.355e-7
-0.330, -1.367e-7
-0.331, -1.379e-7
-0.332, -1.391e-7
-0.333, -1.403e-7
-0.334, -1.415e-7
-0.335, -1.427e-7
-0.336, -1.440e-7
-0.337, -1.453e-7
-0.338, -1.465e-7
-0.339, -1.479e-7
-0.340, -1.492e-7
-0.341, -1.505e-7
-0.342, -1.519e-7
-0.343, -1.533e-7
-0.344, -1.546e-7
-0.345, -1.561e-7
-0.346, -1.575e-7
-0.347, -1.590e-7
-0.348, -1.605e-7
-0.349, -1.620e-7
-0.350, -1.635e-7
-0.351, -1.650e-7
-0.352, -1.666e-7
-0.353, -1.681e-7
-0.354, -1.697e-7
-0.355, -1.714e-7
-0.356, -1.731e-7
-0.357, -1.747e-7
-0.358, -1.765e-7
-0.359, -1.782e-7
-0.360, -1.799e-7
-0.361, -1.816e-7
-0.362, -1.833e-7
-0.363, -1.851e-7
-0.364, -1.869e-7
-0.365, -1.887e-7
-0.366, -1.906e-7
-0.367, -1.924e-7
-0.368, -1.943e-7
-0.369, -1.962e-7
-0.370, -1.981e-7
-0.371, -2.000e-7
-0.372, -2.020e-7
-0.373, -2.040e-7
-0.374, -2.060e-7
-0.375, -2.080e-7
-0.376, -2.101e-7
-0.377, -2.122e-7
-0.378, -2.143e-7
-0.379, -2.164e-7
-0.380, -2.185e-7
-0.381, -2.207e-7
-0.382, -2.229e-7
-0.383, -2.251e-7
-0.384, -2.273e-7
-0.385, -2.295e-7
-0.386, -2.317e-7
-0.387, -2.340e-7
-0.388, -2.363e-7
-0.389, -2.386e-7
-0.390, -2.409e-7
-0.391, -2.433e-7
-0.392, -2.460e-7
-0.393, -2.490e-7
-0.394, -2.514e-7
-0.395, -2.539e-7
-0.396, -2.564e-7
-0.397, -2.588e-7
-0.398, -2.614e-7
-0.399, -2.638e-7
-0.400, -2.663e-7
-0.401, -2.689e-7
-0.402, -2.714e-7
-0.403, -2.740e-7
-0.404, -2.767e-7
-0.405, -2.793e-7
-0.406, -2.819e-7
-0.407, -2.846e-7
-0.408, -2.872e-7
-0.409, -2.898e-7
-0.410, -2.927e-7
-0.411, -2.955e-7
-0.412, -2.983e-7
-0.413, -3.010e-7
-0.414, -3.038e-7
-0.415, -3.066e-7
-0.416, -3.105e-7
-0.417, -3.139e-7
-0.418, -3.166e-7
-0.419, -3.193e-7
-0.420, -3.221e-7
-0.421, -3.250e-7
-0.422, -3.279e-7
-0.423, -3.309e-7
-0.424, -3.338e-7
-0.425, -3.368e-7
-0.426, -3.398e-7
-0.427, -3.428e-7
-0.428, -3.458e-7
-0.429, -3.488e-7
-0.430, -3.519e-7
-0.431, -3.549e-7
-0.432, -3.580e-7
-0.433, -3.611e-7
-0.434, -3.642e-7
-0.435, -3.674e-7
-0.436, -3.706e-7
-0.437, -3.738e-7
-0.438, -3.770e-7
-0.439, -3.802e-7
-0.440, -3.834e-7
-0.441, -3.866e-7
-0.442, -3.898e-7
-0.443, -3.931e-7
-0.444, -3.963e-7
-0.445, -3.996e-7
-0.446, -4.029e-7
-0.447, -4.062e-7
-0.448, -4.095e-7
-0.449, -4.129e-7
-0.450, -4.162e-7
-0.451, -4.195e-7
-0.452, -4.229e-7
-0.453, -4.262e-7
-0.454, -4.295e-7
-0.455, -4.329e-7
-0.456, -4.363e-7
-0.457, -4.397e-7
-0.458, -4.431e-7
-0.459, -4.464e-7
-0.460, -4.498e-7
-0.461, -4.534e-7
-0.462, -4.568e-7
-0.463, -4.601e-7
-0.464, -4.635e-7
-0.465, -4.669e-7
-0.466, -4.702e-7
-0.467, -4.736e-7
-0.468, -4.770e-7
-0.469, -4.804e-7
-0.470, -4.837e-7
-0.471, -4.871e-7
-0.472, -4.905e-7
-0.473, -4.938e-7
-0.474, -4.971e-7
-0.475, -5.004e-7
-0.476, -5.037e-7
-0.477, -5.069e-7
-0.478, -5.102e-7
-0.479, -5.135e-7
-0.480, -5.167e-7
-0.481, -5.198e-7
-0.482, -5.230e-7
-0.483, -5.262e-7
-0.484, -5.293e-7
-0.485, -5.323e-7
-0.486, -5.353e-7
-0.487, -5.384e-7
-0.488, -5.413e-7
-0.489, -5.442e-7
-0.490, -5.471e-7
-0.491, -5.499e-7
-0.492, -5.527e-7
-0.493, -5.554e-7
-0.494, -5.582e-7
-0.495, -5.608e-7
-0.496, -5.635e-7
-0.497, -5.661e-7
-0.498, -5.687e-7
-0.499, -5.712e-7
-0.500, -5.736e-7
-0.501, -5.766e-7
-0.502, -5.793e-7
-0.503, -5.816e-7
-0.504, -5.841e-7
-0.505, -5.864e-7
-0.506, -5.885e-7
-0.507, -5.905e-7
-0.508, -5.925e-7
-0.509, -5.945e-7
-0.510, -5.964e-7
-0.511, -5.982e-7
-0.512, -6.001e-7
-0.513, -6.018e-7
-0.514, -6.034e-7
-0.515, -6.051e-7
-0.516, -6.067e-7
-0.517, -6.083e-7
-0.518, -6.098e-7
-0.519, -6.112e-7
-0.520, -6.126e-7
-0.521, -6.140e-7
-0.522, -6.153e-7
-0.523, -6.165e-7
-0.524, -6.177e-7
-0.525, -6.189e-7
-0.526, -6.200e-7
-0.527, -6.211e-7
-0.528, -6.221e-7
-0.529, -6.231e-7
-0.530, -6.240e-7
-0.531, -6.250e-7
-0.532, -6.258e-7
-0.533, -6.267e-7
-0.534, -6.276e-7
-0.535, -6.284e-7
-0.536, -6.292e-7
-0.537, -6.299e-7
-0.538, -6.307e-7
-0.539, -6.315e-7
-0.540, -6.321e-7
-0.541, -6.328e-7
-0.542, -6.334e-7
-0.543, -6.340e-7
-0.544, -6.346e-7
-0.545, -6.352e-7
-0.546, -6.358e-7
-0.547, -6.364e-7
-0.548, -6.369e-7
-0.549, -6.375e-7
-0.550, -6.380e-7
-0.551, -6.386e-7
-0.552, -6.391e-7
-0.553, -6.397e-7
-0.554, -6.402e-7
-0.555, -6.407e-7
-0.556, -6.414e-7
-0.557, -6.426e-7
-0.558, -6.432e-7
-0.559, -6.437e-7
-0.560, -6.443e-7
-0.561, -6.448e-7
-0.562, -6.454e-7
-0.563, -6.462e-7
-0.564, -6.469e-7
-0.565, -6.475e-7
-0.566, -6.481e-7
-0.567, -6.488e-7
-0.568, -6.495e-7
-0.569, -6.502e-7
-0.570, -6.510e-7
-0.571, -6.518e-7
-0.572, -6.526e-7
-0.573, -6.534e-7
-0.574, -6.543e-7
-0.575, -6.551e-7
-0.576, -6.560e-7
-0.577, -6.569e-7
-0.578, -6.578e-7
-0.579, -6.587e-7
-0.580, -6.596e-7
-0.581, -6.606e-7
-0.582, -6.616e-7
-0.583, -6.626e-7
-0.584, -6.636e-7
-0.585, -6.646e-7
-0.586, -6.657e-7
-0.587, -6.668e-7
-0.588, -6.679e-7
-0.589, -6.691e-7
-0.590, -6.702e-7
-0.591, -6.713e-7
-0.592, -6.724e-7
-0.593, -6.736e-7
-0.594, -6.747e-7
-0.595, -6.759e-7
-0.596, -6.771e-7
-0.597, -6.783e-7
-0.598, -6.795e-7
-0.599, -6.807e-7
-0.600, -6.820e-7
-0.601, -6.833e-7
-0.602, -6.845e-7
-0.603, -6.858e-7
-0.604, -6.870e-7
-0.605, -6.882e-7
-0.606, -6.895e-7
-0.607, -6.906e-7
-0.608, -6.919e-7
-0.609, -6.931e-7
-0.610, -6.943e-7
-0.611, -6.955e-7
-0.612, -6.967e-7
-0.613, -6.979e-7
-0.614, -6.992e-7
-0.615, -7.004e-7
-0.616, -7.016e-7
-0.617, -7.027e-7
-0.618, -7.038e-7
-0.619, -7.050e-7
-0.620, -7.062e-7
-0.621, -7.073e-7
-0.622, -7.085e-7
-0.623, -7.095e-7
-0.624, -7.106e-7
-0.625, -7.118e-7
-0.626, -7.129e-7
-0.627, -7.141e-7
-0.628, -7.152e-7
-0.629, -7.163e-7
-0.630, -7.174e-7
-0.631, -7.185e-7
-0.632, -7.196e-7
-0.633, -7.207e-7
-0.634, -7.219e-7
-0.635, -7.230e-7
-0.636, -7.242e-7
-0.637, -7.253e-7
-0.638, -7.265e-7
-0.639, -7.276e-7
-0.640, -7.288e-7
-0.641, -7.300e-7
-0.642, -7.312e-7
-0.643, -7.325e-7
-0.644, -7.336e-7
-0.645, -7.348e-7
-0.646, -7.361e-7
-0.647, -7.373e-7
-0.648, -7.386e-7
-0.649, -7.399e-7
-0.650, -7.412e-7
-0.651, -7.425e-7
-0.652, -7.439e-7
-0.653, -7.453e-7
-0.654, -7.468e-7
-0.655, -7.481e-7
-0.656, -7.496e-7
-0.657, -7.511e-7
-0.658, -7.525e-7
-0.659, -7.540e-7
-0.660, -7.555e-7
-0.661, -7.571e-7
-0.662, -7.586e-7
-0.663, -7.601e-7
-0.664, -7.617e-7
-0.665, -7.633e-7
-0.666, -7.651e-7
-0.667, -7.667e-7
-0.668, -7.684e-7
-0.669, -7.700e-7
-0.670, -7.718e-7
-0.671, -7.735e-7
-0.672, -7.753e-7
-0.673, -7.770e-7
-0.674, -7.788e-7
-0.675, -7.806e-7
-0.676, -7.824e-7
-0.677, -7.842e-7
-0.678, -7.861e-7
-0.679, -7.879e-7
-0.680, -7.898e-7
-0.681, -7.917e-7
-0.682, -7.936e-7
-0.683, -7.955e-7
-0.684, -7.974e-7
-0.685, -7.994e-7
-0.686, -8.015e-7
-0.687, -8.034e-7
-0.688, -8.054e-7
-0.689, -8.074e-7
-0.690, -8.094e-7
-0.691, -8.115e-7
-0.692, -8.136e-7
-0.693, -8.156e-7
-0.694, -8.176e-7
-0.695, -8.197e-7
-0.696, -8.217e-7
-0.697, -8.238e-7
-0.698, -8.259e-7
-0.699, -8.280e-7
-0.700, -8.268e-7
-0.699, -8.134e-7
-0.698, -8.002e-7
-0.697, -7.882e-7
-0.696, -7.769e-7
-0.695, -7.659e-7
-0.694, -7.554e-7
-0.693, -7.449e-7
-0.692, -7.349e-7
-0.691, -7.250e-7
-0.690, -7.154e-7
-0.689, -7.062e-7
-0.688, -6.973e-7
-0.687, -6.886e-7
-0.686, -6.800e-7
-0.685, -6.717e-7
-0.684, -6.637e-7
-0.683, -6.559e-7
-0.682, -6.483e-7
-0.681, -6.408e-7
-0.680, -6.335e-7
-0.679, -6.264e-7
-0.678, -6.196e-7
-0.677, -6.128e-7
-0.676, -6.063e-7
-0.675, -6.000e-7
-0.674, -5.938e-7
-0.673, -5.877e-7
-0.672, -5.818e-7
-0.671, -5.760e-7
-0.670, -5.703e-7
-0.669, -5.647e-7
-0.668, -5.592e-7
-0.667, -5.539e-7
-0.666, -5.488e-7
-0.665, -5.438e-7
-0.664, -5.390e-7
-0.663, -5.343e-7
-0.662, -5.296e-7
-0.661, -5.249e-7
-0.660, -5.204e-7
-0.659, -5.159e-7
-0.658, -5.116e-7
-0.657, -5.073e-7
-0.656, -5.032e-7
-0.655, -4.991e-7
-0.654, -4.951e-7
-0.653, -4.912e-7
-0.652, -4.874e-7
-0.651, -4.836e-7
-0.650, -4.800e-7
-0.649, -4.764e-7
-0.648, -4.729e-7
-0.647, -4.695e-7
-0.646, -4.661e-7
-0.645, -4.629e-7
-0.644, -4.596e-7
-0.643, -4.564e-7
-0.642, -4.532e-7
-0.641, -4.502e-7
-0.640, -4.471e-7
-0.639, -4.442e-7
-0.638, -4.414e-7
-0.637, -4.385e-7
-0.636, -4.357e-7
-0.635, -4.330e-7
-0.634, -4.303e-7
-0.633, -4.276e-7
-0.632, -4.250e-7
-0.631, -4.224e-7
-0.630, -4.199e-7
-0.629, -4.174e-7
-0.628, -4.149e-7
-0.627, -4.125e-7
-0.626, -4.100e-7
-0.625, -4.076e-7
-0.624, -4.052e-7
-0.623, -4.029e-7
-0.622, -4.006e-7
-0.621, -3.983e-7
-0.620, -3.960e-7
-0.619, -3.939e-7
-0.618, -3.917e-7
-0.617, -3.895e-7
-0.616, -3.874e-7
-0.615, -3.852e-7
-0.614, -3.830e-7
-0.613, -3.810e-7
-0.612, -3.789e-7
-0.611, -3.768e-7
-0.610, -3.747e-7
-0.609, -3.727e-7
-0.608, -3.707e-7
-0.607, -3.686e-7
-0.606, -3.666e-7
-0.605, -3.646e-7
-0.604, -3.626e-7
-0.603, -3.606e-7
-0.602, -3.586e-7
-0.601, -3.567e-7
-0.600, -3.549e-7
-0.599, -3.529e-7
-0.598, -3.510e-7
-0.597, -3.491e-7
-0.596, -3.472e-7
-0.595, -3.454e-7
-0.594, -3.434e-7
-0.593, -3.415e-7
-0.592, -3.396e-7
-0.591, -3.377e-7
-0.590, -3.358e-7
-0.589, -3.339e-7
-0.588, -3.320e-7
-0.587, -3.301e-7
-0.586, -3.282e-7
-0.585, -3.263e-7
-0.584, -3.245e-7
-0.583, -3.228e-7
-0.582, -3.210e-7
-0.581, -3.192e-7
-0.580, -3.173e-7
-0.579, -3.155e-7
-0.578, -3.136e-7
-0.577, -3.118e-7
-0.576, -3.099e-7
-0.575, -3.081e-7
-0.574, -3.063e-7
-0.573, -3.044e-7
-0.572, -3.026e-7
-0.571, -3.010e-7
-0.570, -2.992e-7
-0.569, -2.973e-7
-0.568, -2.955e-7
-0.567, -2.937e-7
-0.566, -2.919e-7
-0.565, -2.901e-7
-0.564, -2.883e-7
-0.563, -2.865e-7
-0.562, -2.847e-7
-0.561, -2.830e-7
-0.560, -2.813e-7
-0.559, -2.795e-7
-0.558, -2.778e-7
-0.557, -2.760e-7
-0.556, -2.742e-7
-0.555, -2.725e-7
-0.554, -2.707e-7
-0.553, -2.690e-7
-0.552, -2.672e-7
-0.551, -2.655e-7
-0.550, -2.637e-7
-0.549, -2.620e-7
-0.548, -2.602e-7
-0.547, -2.585e-7
-0.546, -2.567e-7
-0.545, -2.550e-7
-0.544, -2.533e-7
-0.543, -2.515e-7
-0.542, -2.498e-7
-0.541, -2.480e-7
-0.540, -2.463e-7
-0.539, -2.446e-7
-0.538, -2.429e-7
-0.537, -2.412e-7
-0.536, -2.395e-7
-0.535, -2.379e-7
-0.534, -2.362e-7
-0.533, -2.345e-7
-0.532, -2.328e-7
-0.531, -2.312e-7
-0.530, -2.296e-7
-0.529, -2.279e-7
-0.528, -2.263e-7
-0.527, -2.247e-7
-0.526, -2.231e-7
-0.525, -2.215e-7
-0.524, -2.199e-7
-0.523, -2.183e-7
-0.522, -2.167e-7
-0.521, -2.151e-7
-0.520, -2.135e-7
-0.519, -2.119e-7
-0.518, -2.103e-7
-0.517, -2.088e-7
-0.516, -2.072e-7
-0.515, -2.057e-7
-0.514, -2.042e-7
-0.513, -2.026e-7
-0.512, -2.011e-7
-0.511, -1.995e-7
-0.510, -1.981e-7
-0.509, -1.966e-7
-0.508, -1.951e-7
-0.507, -1.936e-7
-0.506, -1.921e-7
-0.505, -1.907e-7
-0.504, -1.893e-7
-0.503, -1.878e-7
-0.502, -1.864e-7
-0.501, -1.850e-7
-0.500, -1.835e-7
-0.499, -1.822e-7
-0.498, -1.807e-7
-0.497, -1.794e-7
-0.496, -1.780e-7
-0.495, -1.767e-7
-0.494, -1.753e-7
-0.493, -1.739e-7
-0.492, -1.725e-7
-0.491, -1.712e-7
-0.490, -1.698e-7
-0.489, -1.685e-7
-0.488, -1.672e-7
-0.487, -1.659e-7
-0.486, -1.646e-7
-0.485, -1.634e-7
-0.484, -1.621e-7
-0.483, -1.608e-7
-0.482, -1.596e-7
-0.481, -1.583e-7
-0.480, -1.571e-7
-0.479, -1.559e-7
-0.478, -1.546e-7
-0.477, -1.534e-7
-0.476, -1.522e-7
-0.475, -1.511e-7
-0.474, -1.499e-7
-0.473, -1.487e-7
-0.472, -1.475e-7
-0.471, -1.463e-7
-0.470, -1.452e-7
-0.469, -1.441e-7
-0.468, -1.429e-7
-0.467, -1.418e-7
-0.466, -1.407e-7
-0.465, -1.396e-7
-0.464, -1.385e-7
-0.463, -1.374e-7
-0.462, -1.363e-7
-0.461, -1.352e-7
-0.460, -1.341e-7
-0.459, -1.331e-7
-0.458, -1.321e-7
-0.457, -1.311e-7
-0.456, -1.301e-7
-0.455, -1.290e-7
-0.454, -1.281e-7
-0.453, -1.271e-7
-0.452, -1.261e-7
-0.451, -1.251e-7
-0.450, -1.241e-7
-0.449, -1.231e-7
-0.448, -1.222e-7
-0.447, -1.212e-7
-0.446, -1.203e-7
-0.445, -1.194e-7
-0.444, -1.184e-7
-0.443, -1.175e-7
-0.442, -1.166e-7
-0.441, -1.156e-7
-0.440, -1.147e-7
-0.439, -1.138e-7
-0.438, -1.129e-7
-0.437, -1.121e-7
-0.436, -1.112e-7
-0.435, -1.103e-7
-0.434, -1.095e-7
-0.433, -1.086e-7
-0.432, -1.078e-7
-0.431, -1.069e-7
-0.430, -1.061e-7
-0.429, -1.053e-7
-0.428, -1.044e-7
-0.427, -1.036e-7
-0.426, -1.028e-7
-0.425, -1.020e-7
-0.424, -1.012e-7
-0.423, -1.004e-7
-0.422, -9.962e-8
-0.421, -9.884e-8
-0.420, -9.807e-8
-0.419, -9.731e-8
-0.418, -9.655e-8
-0.417, -9.577e-8
-0.416, -9.500e-8
-0.415, -9.428e-8
-0.414, -9.354e-8
-0.413, -9.275e-8
-0.412, -9.199e-8
-0.411, -9.129e-8
-0.410, -9.054e-8
-0.409, -8.978e-8
-0.408, -8.914e-8
-0.407, -8.844e-8
-0.406, -8.775e-8
-0.405, -8.710e-8
-0.404, -8.641e-8
-0.403, -8.572e-8
-0.402, -8.506e-8
-0.401, -8.442e-8
-0.400, -8.375e-8
-0.399, -8.309e-8
-0.398, -8.245e-8
-0.397, -8.184e-8
-0.396, -8.121e-8
-0.395, -8.056e-8
-0.394, -7.993e-8
-0.393, -7.931e-8
-0.392, -7.870e-8
-0.391, -7.809e-8
-0.390, -7.747e-8
-0.389, -7.688e-8
-0.388, -7.627e-8
-0.387, -7.565e-8
-0.386, -7.507e-8
-0.385, -7.450e-8
-0.384, -7.390e-8
-0.383, -7.334e-8
-0.382, -7.277e-8
-0.381, -7.219e-8
-0.380, -7.165e-8
-0.379, -7.111e-8
-0.378, -7.055e-8
-0.377, -6.997e-8
-0.376, -6.943e-8
-0.375, -6.892e-8
-0.374, -6.837e-8
-0.373, -6.782e-8
-0.372, -6.729e-8
-0.371, -6.675e-8
-0.370, -6.623e-8
-0.369, -6.571e-8
-0.368, -6.517e-8
-0.367, -6.468e-8
-0.366, -6.417e-8
-0.365, -6.362e-8
-0.364, -6.312e-8
-0.363, -6.262e-8
-0.362, -6.212e-8
-0.361, -6.161e-8
-0.360, -6.111e-8
-0.359, -6.061e-8
-0.358, -6.009e-8
-0.357, -5.963e-8
-0.356, -5.917e-8
-0.355, -5.867e-8
-0.354, -5.819e-8
-0.353, -5.776e-8
-0.352, -5.731e-8
-0.351, -5.686e-8
-0.350, -5.638e-8
-0.349, -5.589e-8
-0.348, -5.543e-8
-0.347, -5.498e-8
-0.346, -5.451e-8
-0.345, -5.406e-8
-0.344, -5.359e-8
-0.343, -5.313e-8
-0.342, -5.267e-8
-0.341, -5.223e-8
-0.340, -5.178e-8
-0.339, -5.133e-8
-0.338, -5.088e-8
-0.337, -5.048e-8
-0.336, -5.004e-8
-0.335, -4.963e-8
-0.334, -4.922e-8
-0.333, -4.875e-8
-0.332, -4.833e-8
-0.331, -4.792e-8
-0.330, -4.750e-8
-0.329, -4.709e-8
-0.328, -4.667e-8
-0.327, -4.626e-8
-0.326, -4.586e-8
-0.325, -4.546e-8
-0.324, -4.507e-8
-0.323, -4.468e-8
-0.322, -4.431e-8
-0.321, -4.393e-8
-0.320, -4.350e-8
-0.319, -4.312e-8
-0.318, -4.276e-8
-0.317, -4.233e-8
-0.316, -4.195e-8
-0.315, -4.159e-8
-0.314, -4.120e-8
-0.313, -4.084e-8
-0.312, -4.046e-8
-0.311, -4.008e-8
-0.310, -3.973e-8
-0.309, -3.935e-8
-0.308, -3.899e-8
-0.307, -3.859e-8
-0.306, -3.822e-8
-0.305, -3.787e-8
-0.304, -3.750e-8
-0.303, -3.714e-8
-0.302, -3.681e-8
-0.301, -3.642e-8
-0.300, -3.606e-8
-0.299, -3.574e-8
-0.298, -3.537e-8
-0.297, -3.503e-8
-0.296, -3.471e-8
-0.295, -3.435e-8
-0.294, -3.402e-8
-0.293, -3.368e-8
-0.292, -3.336e-8
-0.291, -3.305e-8
-0.290, -3.271e-8
-0.289, -3.240e-8
-0.288, -3.205e-8
-0.287, -3.173e-8
-0.286, -3.145e-8
-0.285, -3.112e-8
-0.284, -3.079e-8
-0.283, -3.050e-8
-0.282, -3.014e-8
-0.281, -2.984e-8
-0.280, -2.955e-8
-0.279, -2.921e-8
-0.278, -2.892e-8
-0.277, -2.861e-8
-0.276, -2.831e-8
-0.275, -2.802e-8
-0.274, -2.769e-8
-0.273, -2.741e-8
-0.272, -2.710e-8
-0.271, -2.680e-8
-0.270, -2.653e-8
-0.269, -2.620e-8
-0.268, -2.592e-8
-0.267, -2.567e-8
-0.266, -2.534e-8
-0.265, -2.506e-8
-0.264, -2.479e-8
-0.263, -2.449e-8
-0.262, -2.421e-8
-0.261, -2.392e-8
-0.260, -2.363e-8
-0.259, -2.336e-8
-0.258, -2.309e-8
-0.257, -2.284e-8
-0.256, -2.251e-8
-0.255, -2.224e-8
-0.254, -2.201e-8
-0.253, -2.172e-8
-0.252, -2.144e-8
-0.251, -2.121e-8
-0.250, -2.091e-8
-0.249, -2.066e-8
-0.248, -2.042e-8
-0.247, -2.015e-8
-0.246, -1.992e-8
-0.245, -1.967e-8
-0.244, -1.941e-8
-0.243, -1.917e-8
-0.242, -1.889e-8
-0.241, -1.866e-8
-0.240, -1.842e-8
-0.239, -1.815e-8
-0.238, -1.793e-8
-0.237, -1.767e-8
-0.236, -1.739e-8
-0.235, -1.718e-8
-0.234, -1.689e-8
-0.233, -1.663e-8
-0.232, -1.641e-8
-0.231, -1.615e-8
-0.230, -1.592e-8
-0.229, -1.569e-8
-0.228, -1.544e-8
-0.227, -1.522e-8
-0.226, -1.496e-8
-0.225, -1.474e-8
-0.224, -1.451e-8
-0.223, -1.424e-8
-0.222, -1.400e-8
-0.221, -1.374e-8
-0.220, -1.348e-8
-0.219, -1.328e-8
-0.218, -1.303e-8
-0.217, -1.280e-8
-0.216, -1.260e-8
-0.215, -1.236e-8
-0.214, -1.214e-8
-0.213, -1.193e-8
-0.212, -1.167e-8
-0.211, -1.145e-8
-0.210, -1.123e-8
-0.209, -1.101e-8
-0.208, -1.079e-8
-0.207, -1.053e-8
-0.206, -1.035e-8
-0.205, -1.007e-8
-0.204, -9.824e-9
-0.203, -9.655e-9
-0.202, -9.422e-9
-0.201, -9.170e-9
-0.200, -8.967e-9
-0.199, -8.706e-9
-0.198, -8.493e-9
-0.197, -8.296e-9
-0.196, -8.046e-9
-0.195, -7.825e-9
-0.194, -7.600e-9
-0.193, -7.385e-9
-0.192, -7.170e-9
-0.191, -6.940e-9
-0.190, -6.761e-9
-0.189, -6.546e-9
-0.188, -6.303e-9
-0.187, -6.102e-9
-0.186, -5.871e-9
-0.185, -5.648e-9
-0.184, -5.464e-9
-0.183, -5.222e-9
-0.182, -5.022e-9
-0.181, -4.828e-9
-0.180, -4.591e-9
-0.179, -4.404e-9
-0.178, -4.223e-9
-0.177, -4.024e-9
-0.176, -3.856e-9
-0.175, -3.670e-9
-0.174, -3.507e-9
-0.173, -3.323e-9
-0.172, -3.132e-9
-0.171, -2.982e-9
-0.170, -2.818e-9
-0.169, -2.650e-9
-0.168, -2.521e-9
-0.167, -2.351e-9
-0.166, -2.192e-9
-0.165, -2.058e-9
-0.164, -1.904e-9
-0.163, -1.762e-9
-0.162, -1.623e-9
-0.161, -1.478e-9
-0.160, -1.374e-9
-0.159, -1.245e-9
-0.158, -1.095e-9
-0.157, -9.539e-10
-0.156, -7.874e-10
-0.155, -6.616e-10
-0.154, -4.872e-10
-0.153, -2.939e-10
-0.152, -2.216e-10
-0.151, -7.858e-11
-0.150, 6.915e-11
-0.149, 1.847e-10
-0.148, 3.387e-10
-0.147, 4.715e-10
-0.146, 6.090e-10
-0.145, 7.606e-10
-0.144, 9.084e-10
-0.143, 1.044e-9
-0.142, 1.178e-9
-0.141, 1.322e-9
-0.140, 1.465e-9
-0.139, 1.580e-9
-0.138, 1.724e-9
-0.137, 1.883e-9
-0.136, 2.005e-9
-0.135, 2.167e-9
-0.134, 2.320e-9
-0.133, 2.430e-9
-0.132, 2.564e-9
-0.131, 2.724e-9
-0.130, 2.840e-9
-0.129, 2.991e-9
-0.128, 3.153e-9
-0.127, 3.287e-9
-0.126, 3.421e-9
-0.125, 3.560e-9
-0.124, 3.714e-9
-0.123, 3.818e-9
-0.122, 3.963e-9
-0.121, 4.121e-9
-0.120, 4.228e-9
-0.119, 4.362e-9
-0.118, 4.513e-9
-0.117, 4.623e-9
-0.116, 4.768e-9
-0.115, 4.916e-9
-0.114, 5.040e-9
-0.113, 5.183e-9
-0.112, 5.322e-9
-0.111, 5.459e-9
-0.110, 5.588e-9
-0.109, 5.724e-9
-0.108, 5.847e-9
-0.107, 5.983e-9
-0.106, 6.116e-9
-0.105, 6.267e-9
-0.104, 6.373e-9
-0.103, 6.527e-9
-0.102, 6.715e-9
-0.101, 6.808e-9
-0.100, 6.937e-9
-0.099, 7.085e-9
-0.098, 7.194e-9
-0.097, 7.338e-9
-0.096, 7.489e-9
-0.095, 7.636e-9
-0.094, 7.775e-9
-0.093, 7.916e-9
-0.092, 8.039e-9
-0.091, 8.171e-9
-0.090, 8.316e-9
-0.089, 8.469e-9
-0.088, 8.584e-9
-0.087, 8.720e-9
-0.086, 8.857e-9
-0.085, 8.971e-9
-0.084, 9.116e-9
-0.083, 9.247e-9
-0.082, 9.369e-9
-0.081, 9.510e-9
-0.080, 9.662e-9
-0.079, 9.815e-9
-0.078, 9.932e-9
-0.077, 1.009e-8
-0.076, 1.023e-8
-0.075, 1.037e-8
-0.074, 1.049e-8
-0.073, 1.065e-8
-0.072, 1.077e-8
-0.071, 1.091e-8
-0.070, 1.106e-8
-0.069, 1.118e-8
-0.068, 1.131e-8
-0.067, 1.145e-8
-0.066, 1.158e-8
-0.065, 1.170e-8
-0.064, 1.185e-8
-0.063, 1.198e-8
-0.062, 1.210e-8
-0.061, 1.226e-8
-0.060, 1.239e-8
-0.059, 1.252e-8
-0.058, 1.266e-8
-0.057, 1.278e-8
-0.056, 1.291e-8
-0.055, 1.305e-8
-0.054, 1.318e-8
-0.053, 1.332e-8
-0.052, 1.346e-8
-0.051, 1.367e-8
-0.050, 1.377e-8
-0.049, 1.388e-8
-0.048, 1.404e-8
-0.047, 1.417e-8
-0.046, 1.428e-8
-0.045, 1.444e-8
-0.044, 1.456e-8
-0.043, 1.468e-8
-0.042, 1.485e-8
-0.041, 1.498e-8
-0.040, 1.511e-8
-0.039, 1.525e-8
-0.038, 1.540e-8
-0.037, 1.553e-8
-0.036, 1.567e-8
-0.035, 1.582e-8
-0.034, 1.596e-8
-0.033, 1.608e-8
-0.032, 1.624e-8
-0.031, 1.639e-8
-0.030, 1.649e-8
-0.029, 1.666e-8
-0.028, 1.679e-8
-0.027, 1.692e-8
-0.026, 1.708e-8
-0.025, 1.719e-8
-0.024, 1.733e-8
-0.023, 1.746e-8
-0.022, 1.761e-8
-0.021, 1.775e-8
-0.020, 1.788e-8
-0.019, 1.803e-8
-0.018, 1.817e-8
-0.017, 1.829e-8
-0.016, 1.845e-8
-0.015, 1.863e-8
-0.014, 1.875e-8
-0.013, 1.891e-8
-0.012, 1.902e-8
-0.011, 1.915e-8
-0.010, 1.934e-8
-0.009, 1.947e-8
-0.008, 1.961e-8
-0.007, 1.981e-8
-0.006, 1.995e-8
-0.005, 2.009e-8
-0.004, 2.020e-8
-0.003, 2.036e-8
-0.002, 2.051e-8
-0.001, 2.063e-8
-0.000, 1.799e-8
-0.001, 9.858e-9
-0.002, 7.092e-9
-0.003, 5.750e-9
-0.004, 4.675e-9
-0.005, 3.817e-9
-0.006, 2.978e-9
-0.007, 2.224e-9
-0.008, 1.544e-9
-0.009, 8.942e-10
-0.010, 2.727e-10
-0.011, -2.499e-10
-0.012, -8.172e-10
-0.013, -1.325e-9
-0.014, -1.794e-9
-0.015, -2.266e-9
-0.016, -2.707e-9
-0.017, -3.142e-9
-0.018, -3.527e-9
-0.019, -3.936e-9
-0.020, -4.330e-9
-0.021, -4.688e-9
-0.022, -5.057e-9
-0.023, -5.429e-9
-0.024, -5.758e-9
-0.025, -6.109e-9
-0.026, -6.462e-9
-0.027, -6.754e-9
-0.028, -7.052e-9
-0.029, -7.344e-9
-0.030, -7.629e-9
-0.031, -7.920e-9
-0.032, -8.207e-9
-0.033, -8.472e-9
-0.034, -8.727e-9
-0.035, -9.008e-9
-0.036, -9.272e-9
-0.037, -9.526e-9
-0.038, -9.796e-9
-0.039, -1.005e-8
-0.040, -1.027e-8
-0.041, -1.052e-8
-0.042, -1.077e-8
-0.043, -1.100e-8
-0.044, -1.121e-8
-0.045, -1.146e-8
-0.046, -1.168e-8
-0.047, -1.190e-8
-0.048, -1.215e-8
-0.049, -1.235e-8
-0.050, -1.256e-8
-0.051, -1.281e-8
-0.052, -1.304e-8
-0.053, -1.321e-8
-0.054, -1.340e-8
-0.055, -1.363e-8
-0.056, -1.385e-8
-0.057, -1.406e-8
-0.058, -1.428e-8
-0.059, -1.449e-8
-0.060, -1.468e-8
-0.061, -1.489e-8
-0.062, -1.506e-8
-0.063, -1.526e-8
-0.064, -1.548e-8
-0.065, -1.565e-8
-0.066, -1.583e-8
-0.067, -1.602e-8
-0.068, -1.619e-8
-0.069, -1.637e-8
-0.070, -1.657e-8
-0.071, -1.675e-8
-0.072, -1.694e-8
-0.073, -1.711e-8
-0.074, -1.731e-8
-0.075, -1.749e-8
-0.076, -1.766e-8
-0.077, -1.787e-8
-0.078, -1.804e-8
-0.079, -1.818e-8
-0.080, -1.838e-8
-0.081, -1.854e-8
-0.082, -1.870e-8
-0.083, -1.888e-8
-0.084, -1.904e-8
-0.085, -1.919e-8
-0.086, -1.938e-8
-0.087, -1.954e-8
-0.088, -1.971e-8
-0.089, -1.985e-8
-0.090, -2.002e-8
-0.091, -2.017e-8
-0.092, -2.031e-8
-0.093, -2.047e-8
-0.094, -2.063e-8
-0.095, -2.075e-8
-0.096, -2.095e-8
-0.097, -2.110e-8
-0.098, -2.123e-8
-0.099, -2.142e-8
-0.100, -2.158e-8
-0.101, -2.173e-8
-0.102, -2.191e-8
-0.103, -2.208e-8
-0.104, -2.223e-8
-0.105, -2.236e-8
-0.106, -2.254e-8
-0.107, -2.269e-8
-0.108, -2.281e-8
-0.109, -2.299e-8
-0.110, -2.313e-8
-0.111, -2.325e-8
-0.112, -2.344e-8
-0.113, -2.358e-8
-0.114, -2.371e-8
-0.115, -2.390e-8
-0.116, -2.403e-8
-0.117, -2.419e-8
-0.118, -2.437e-8
-0.119, -2.449e-8
-0.120, -2.465e-8
-0.121, -2.480e-8
-0.122, -2.495e-8
-0.123, -2.512e-8
-0.124, -2.523e-8
-0.125, -2.540e-8
-0.126, -2.557e-8
-0.127, -2.568e-8
-0.128, -2.588e-8
-0.129, -2.602e-8
-0.130, -2.614e-8
-0.131, -2.631e-8
-0.132, -2.646e-8
-0.133, -2.660e-8
-0.134, -2.677e-8
-0.135, -2.692e-8
-0.136, -2.708e-8
-0.137, -2.723e-8
-0.138, -2.738e-8
-0.139, -2.755e-8
-0.140, -2.769e-8
-0.141, -2.786e-8
-0.142, -2.803e-8
-0.143, -2.815e-8
-0.144, -2.833e-8
-0.145, -2.850e-8
-0.146, -2.862e-8
-0.147, -2.882e-8
-0.148, -2.896e-8
-0.149, -2.910e-8
-0.150, -2.930e-8
-0.151, -2.945e-8
-0.152, -2.961e-8
-0.153, -2.981e-8
-0.154, -3.000e-8
-0.155, -3.015e-8
-0.156, -3.029e-8
-0.157, -3.046e-8
-0.158, -3.066e-8
-0.159, -3.079e-8
-0.160, -3.098e-8
-0.161, -3.117e-8
-0.162, -3.130e-8
-0.163, -3.151e-8
-0.164, -3.165e-8
-0.165, -3.181e-8
-0.166, -3.203e-8
-0.167, -3.218e-8
-0.168, -3.235e-8
-0.169, -3.255e-8
-0.170, -3.271e-8
-0.171, -3.291e-8
-0.172, -3.309e-8
-0.173, -3.326e-8
-0.174, -3.346e-8
-0.175, -3.361e-8
-0.176, -3.381e-8
-0.177, -3.401e-8
-0.178, -3.417e-8
-0.179, -3.440e-8
-0.180, -3.458e-8
-0.181, -3.476e-8
-0.182, -3.498e-8
-0.183, -3.517e-8
-0.184, -3.536e-8
-0.185, -3.558e-8
-0.186, -3.576e-8
-0.187, -3.598e-8
-0.188, -3.617e-8
-0.189, -3.637e-8
-0.190, -3.661e-8
-0.191, -3.678e-8
-0.192, -3.704e-8
-0.193, -3.727e-8
-0.194, -3.745e-8
-0.195, -3.768e-8
-0.196, -3.792e-8
-0.197, -3.811e-8
-0.198, -3.836e-8
-0.199, -3.858e-8
-0.200, -3.879e-8
-0.201, -3.904e-8
-0.202, -3.925e-8
-0.203, -3.950e-8
-0.204, -3.975e-8
-0.205, -4.001e-8
-0.206, -4.024e-8
-0.207, -4.044e-8
-0.208, -4.069e-8
-0.209, -4.097e-8
-0.210, -4.117e-8
-0.211, -4.144e-8
-0.212, -4.169e-8
-0.213, -4.190e-8
-0.214, -4.217e-8
-0.215, -4.241e-8
-0.216, -4.266e-8
-0.217, -4.296e-8
-0.218, -4.321e-8
-0.219, -4.347e-8
-0.220, -4.374e-8
-0.221, -4.401e-8
-0.222, -4.430e-8
-0.223, -4.453e-8
-0.224, -4.481e-8
-0.225, -4.511e-8
-0.226, -4.534e-8
-0.227, -4.566e-8
-0.228, -4.595e-8
-0.229, -4.620e-8
-0.230, -4.652e-8
-0.231, -4.684e-8
-0.232, -4.711e-8
-0.233, -4.744e-8
-0.234, -4.773e-8
-0.235, -4.803e-8
-0.236, -4.835e-8
-0.237, -4.865e-8
-0.238, -4.898e-8
-0.239, -4.928e-8
-0.240, -4.962e-8
-0.241, -4.997e-8
-0.242, -5.025e-8
-0.243, -5.060e-8
-0.244, -5.094e-8
-0.245, -5.125e-8
-0.246, -5.162e-8
-0.247, -5.198e-8
-0.248, -5.231e-8
-0.249, -5.270e-8
-0.250, -5.303e-8
-0.251, -5.340e-8
-0.252, -5.379e-8
-0.253, -5.417e-8
-0.254, -5.456e-8
-0.255, -5.492e-8
-0.256, -5.534e-8
-0.257, -5.576e-8
-0.258, -5.612e-8
-0.259, -5.653e-8
-0.260, -5.697e-8
-0.261, -5.735e-8
-0.262, -5.777e-8
-0.263, -5.819e-8
-0.264, -5.860e-8
-0.265, -5.907e-8
-0.266, -5.951e-8
-0.267, -5.994e-8
-0.268, -6.038e-8
-0.269, -6.082e-8
-0.270, -6.129e-8
-0.271, -6.176e-8
-0.272, -6.224e-8
-0.273, -6.325e-8
-0.274, -6.400e-8
-0.275, -6.448e-8
-0.276, -6.497e-8
-0.277, -6.542e-8
-0.278, -6.589e-8
-0.279, -6.639e-8
-0.280, -6.685e-8
-0.281, -6.739e-8
-0.282, -6.793e-8
-0.283, -6.846e-8
-0.284, -6.909e-8
-0.285, -6.962e-8
-0.286, -7.017e-8
-0.287, -7.073e-8
-0.288, -7.134e-8
-0.289, -7.192e-8
-0.290, -7.248e-8
-0.291, -7.306e-8
-0.292, -7.365e-8
-0.293, -7.423e-8
-0.294, -7.486e-8
-0.295, -7.555e-8
-0.296, -7.620e-8
-0.297, -7.684e-8
-0.298, -7.748e-8
-0.299, -7.809e-8
-0.300, -7.876e-8
-0.301, -7.941e-8
-0.302, -8.005e-8
-0.303, -8.074e-8
-0.304, -8.143e-8
-0.305, -8.208e-8
-0.306, -8.272e-8
-0.307, -8.346e-8
-0.308, -8.421e-8
-0.309, -8.488e-8
-0.310, -8.560e-8
-0.311, -8.636e-8
-0.312, -8.708e-8
-0.313, -8.782e-8
-0.314, -8.858e-8
-0.315, -8.933e-8
-0.316, -9.012e-8
-0.317, -9.089e-8
-0.318, -9.170e-8
-0.319, -9.251e-8
-0.320, -9.340e-8
-0.321, -9.426e-8
-0.322, -9.506e-8
-0.323, -9.593e-8
-0.324, -9.683e-8
-0.325, -9.772e-8
-0.326, -9.857e-8
-0.327, -9.950e-8
-0.328, -1.004e-7
-0.329, -1.013e-7
-0.330, -1.023e-7
-0.331, -1.034e-7
-0.332, -1.043e-7
-0.333, -1.053e-7
-0.334, -1.062e-7
-0.335, -1.072e-7
-0.336, -1.082e-7
-0.337, -1.092e-7
-0.338, -1.102e-7
-0.339, -1.113e-7
-0.340, -1.124e-7
-0.341, -1.134e-7
-0.342, -1.145e-7
-0.343, -1.157e-7
-0.344, -1.168e-7
-0.345, -1.179e-7
-0.346, -1.191e-7
-0.347, -1.203e-7
-0.348, -1.214e-7
-0.349, -1.227e-7
-0.350, -1.239e-7
-0.351, -1.251e-7
-0.352, -1.264e-7
-0.353, -1.277e-7
-0.354, -1.290e-7
-0.355, -1.303e-7
-0.356, -1.315e-7
-0.357, -1.328e-7
-0.358, -1.342e-7
-0.359, -1.357e-7
-0.360, -1.371e-7
-0.361, -1.385e-7
-0.362, -1.399e-7
-0.363, -1.414e-7
-0.364, -1.428e-7
-0.365, -1.444e-7
-0.366, -1.459e-7
-0.367, -1.474e-7
-0.368, -1.489e-7
-0.369, -1.505e-7
-0.370, -1.520e-7
-0.371, -1.536e-7
-0.372, -1.553e-7
-0.373, -1.569e-7
-0.374, -1.586e-7
-0.375, -1.603e-7
-0.376, -1.620e-7
-0.377, -1.637e-7
-0.378, -1.654e-7
-0.379, -1.672e-7
-0.380, -1.690e-7
-0.381, -1.708e-7
-0.382, -1.727e-7
-0.383, -1.746e-7
-0.384, -1.765e-7
-0.385, -1.784e-7
-0.386, -1.803e-7
-0.387, -1.823e-7
-0.388, -1.842e-7
-0.389, -1.862e-7
-0.390, -1.882e-7
-0.391, -1.902e-7
-0.392, -1.922e-7
-0.393, -1.943e-7
-0.394, -1.964e-7
-0.395, -1.985e-7
-0.396, -2.006e-7
-0.397, -2.028e-7
-0.398, -2.050e-7
-0.399, -2.071e-7
-0.400, -2.094e-7
-0.401, -2.117e-7
-0.402, -2.140e-7
-0.403, -2.163e-7
-0.404, -2.186e-7
-0.405, -2.209e-7
-0.406, -2.233e-7
-0.407, -2.257e-7
-0.408, -2.281e-7
-0.409, -2.304e-7
-0.410, -2.330e-7
-0.411, -2.355e-7
-0.412, -2.379e-7
-0.413, -2.404e-7
-0.414, -2.430e-7
-0.415, -2.455e-7
-0.416, -2.481e-7
-0.417, -2.508e-7
-0.418, -2.534e-7
-0.419, -2.561e-7
-0.420, -2.587e-7
-0.421, -2.614e-7
-0.422, -2.642e-7
-0.423, -2.669e-7
-0.424, -2.696e-7
-0.425, -2.724e-7
-0.426, -2.752e-7
-0.427, -2.780e-7
-0.428, -2.809e-7
-0.429, -2.838e-7
-0.430, -2.866e-7
-0.431, -2.894e-7
-0.432, -2.924e-7
-0.433, -2.953e-7
-0.434, -2.983e-7
-0.435, -3.013e-7
-0.436, -3.043e-7
-0.437, -3.073e-7
-0.438, -3.103e-7
-0.439, -3.134e-7
-0.440, -3.165e-7
-0.441, -3.196e-7
-0.442, -3.227e-7
-0.443, -3.258e-7
-0.444, -3.290e-7
-0.445, -3.322e-7
-0.446, -3.354e-7
-0.447, -3.386e-7
-0.448, -3.418e-7
-0.449, -3.450e-7
-0.450, -3.482e-7
-0.451, -3.515e-7
-0.452, -3.547e-7
-0.453, -3.579e-7
-0.454, -3.612e-7
-0.455, -3.645e-7
-0.456, -3.678e-7
-0.457, -3.712e-7
-0.458, -3.744e-7
-0.459, -3.778e-7
-0.460, -3.811e-7
-0.461, -3.844e-7
-0.462, -3.878e-7
-0.463, -3.910e-7
-0.464, -3.944e-7
-0.465, -3.976e-7
-0.466, -4.009e-7
-0.467, -4.042e-7
-0.468, -4.076e-7
-0.469, -4.109e-7
-0.470, -4.142e-7
-0.471, -4.174e-7
-0.472, -4.206e-7
-0.473, -4.239e-7
-0.474, -4.270e-7
-0.475, -4.302e-7
-0.476, -4.334e-7
-0.477, -4.366e-7
-0.478, -4.397e-7
-0.479, -4.428e-7
-0.480, -4.459e-7
-0.481, -4.489e-7
-0.482, -4.519e-7
-0.483, -4.549e-7
-0.484, -4.579e-7
-0.485, -4.608e-7
-0.486, -4.637e-7
-0.487, -4.666e-7
-0.488, -4.694e-7
-0.489, -4.722e-7
-0.490, -4.750e-7
-0.491, -4.777e-7
-0.492, -4.804e-7
-0.493, -4.830e-7
-0.494, -4.856e-7
-0.495, -4.882e-7
-0.496, -4.907e-7
-0.497, -4.932e-7
-0.498, -4.955e-7
-0.499, -4.979e-7
-0.500, -5.002e-7
-0.501, -5.024e-7
-0.502, -5.046e-7
-0.503, -5.067e-7
-0.504, -5.088e-7
-0.505, -5.108e-7
-0.506, -5.128e-7
-0.507, -5.147e-7
-0.508, -5.165e-7
-0.509, -5.183e-7
-0.510, -5.201e-7
-0.511, -5.218e-7
-0.512, -5.235e-7
-0.513, -5.252e-7
-0.514, -5.267e-7
-0.515, -5.282e-7
-0.516, -5.296e-7
-0.517, -5.310e-7
-0.518, -5.323e-7
-0.519, -5.336e-7
-0.520, -5.348e-7
-0.521, -5.360e-7
-0.522, -5.371e-7
-0.523, -5.382e-7
-0.524, -5.392e-7
-0.525, -5.402e-7
-0.526, -5.412e-7
-0.527, -5.420e-7
-0.528, -5.429e-7
-0.529, -5.438e-7
-0.530, -5.445e-7
-0.531, -5.453e-7
-0.532, -5.460e-7
-0.533, -5.466e-7
-0.534, -5.473e-7
-0.535, -5.479e-7
-0.536, -5.485e-7
-0.537, -5.491e-7
-0.538, -5.497e-7
-0.539, -5.502e-7
-0.540, -5.507e-7
-0.541, -5.512e-7
-0.542, -5.518e-7
-0.543, -5.522e-7
-0.544, -5.526e-7
-0.545, -5.531e-7
-0.546, -5.534e-7
-0.547, -5.539e-7
-0.548, -5.543e-7
-0.549, -5.547e-7
-0.550, -5.551e-7
-0.551, -5.556e-7
-0.552, -5.560e-7
-0.553, -5.564e-7
-0.554, -5.568e-7
-0.555, -5.572e-7
-0.556, -5.577e-7
-0.557, -5.582e-7
-0.558, -5.586e-7
-0.559, -5.591e-7
-0.560, -5.596e-7
-0.561, -5.601e-7
-0.562, -5.606e-7
-0.563, -5.612e-7
-0.564, -5.618e-7
-0.565, -5.623e-7
-0.566, -5.629e-7
-0.567, -5.635e-7
-0.568, -5.642e-7
-0.569, -5.649e-7
-0.570, -5.656e-7
-0.571, -5.662e-7
-0.572, -5.670e-7
-0.573, -5.677e-7
-0.574, -5.685e-7
-0.575, -5.693e-7
-0.576, -5.701e-7
-0.577, -5.710e-7
-0.578, -5.718e-7
-0.579, -5.727e-7
-0.580, -5.736e-7
-0.581, -5.745e-7
-0.582, -5.755e-7
-0.583, -5.765e-7
-0.584, -5.775e-7
-0.585, -5.785e-7
-0.586, -5.796e-7
-0.587, -5.807e-7
-0.588, -5.818e-7
-0.589, -5.829e-7
-0.590, -5.842e-7
-0.591, -5.856e-7
-0.592, -5.867e-7
-0.593, -5.879e-7
-0.594, -5.890e-7
-0.595, -5.903e-7
-0.596, -5.915e-7
-0.597, -5.928e-7
-0.598, -5.942e-7
-0.599, -5.955e-7
-0.600, -5.968e-7
-0.601, -5.982e-7
-0.602, -5.995e-7
-0.603, -6.009e-7
-0.604, -6.022e-7
-0.605, -6.036e-7
-0.606, -6.050e-7
-0.607, -6.064e-7
-0.608, -6.079e-7
-0.609, -6.093e-7
-0.610, -6.108e-7
-0.611, -6.123e-7
-0.612, -6.138e-7
-0.613, -6.152e-7
-0.614, -6.167e-7
-0.615, -6.183e-7
-0.616, -6.198e-7
-0.617, -6.213e-7
-0.618, -6.228e-7
-0.619, -6.243e-7
-0.620, -6.258e-7
-0.621, -6.274e-7
-0.622, -6.290e-7
-0.623, -6.305e-7
-0.624, -6.321e-7
-0.625, -6.337e-7
-0.626, -6.353e-7
-0.627, -6.369e-7
-0.628, -6.385e-7
-0.629, -6.401e-7
-0.630, -6.417e-7
-0.631, -6.435e-7
-0.632, -6.452e-7
-0.633, -6.469e-7
-0.634, -6.487e-7
-0.635, -6.504e-7
-0.636, -6.522e-7
-0.637, -6.539e-7
-0.638, -6.557e-7
-0.639, -6.576e-7
-0.640, -6.595e-7
-0.641, -6.614e-7
-0.642, -6.632e-7
-0.643, -6.652e-7
-0.644, -6.671e-7
-0.645, -6.691e-7
-0.646, -6.711e-7
-0.647, -6.732e-7
-0.648, -6.752e-7
-0.649, -6.773e-7
-0.650, -6.795e-7
-0.651, -6.817e-7
-0.652, -6.839e-7
-0.653, -6.861e-7
-0.654, -6.884e-7
-0.655, -6.907e-7
-0.656, -6.931e-7
-0.657, -6.955e-7
-0.658, -6.979e-7
-0.659, -7.002e-7
-0.660, -7.027e-7
-0.661, -7.052e-7
-0.662, -7.077e-7
-0.663, -7.102e-7
-0.664, -7.128e-7
-0.665, -7.154e-7
-0.666, -7.181e-7
-0.667, -7.208e-7
-0.668, -7.235e-7
-0.669, -7.263e-7
-0.670, -7.292e-7
-0.671, -7.320e-7
-0.672, -7.348e-7
-0.673, -7.376e-7
-0.674, -7.404e-7
-0.675, -7.433e-7
-0.676, -7.463e-7
-0.677, -7.492e-7
-0.678, -7.522e-7
-0.679, -7.552e-7
-0.680, -7.581e-7
-0.681, -7.610e-7
-0.682, -7.641e-7
-0.683, -7.672e-7
-0.684, -7.703e-7
-0.685, -7.735e-7
-0.686, -7.766e-7
-0.687, -7.797e-7
-0.688, -7.828e-7
-0.689, -7.860e-7
-0.690, -7.892e-7
-0.691, -7.925e-7
-0.692, -7.957e-7
-0.693, -7.989e-7
-0.694, -8.023e-7
-0.695, -8.057e-7
-0.696, -8.090e-7
-0.697, -8.122e-7
-0.698, -8.156e-7
-0.699, -8.189e-7
-0.700, -8.189e-7
-0.699, -8.063e-7
-0.698, -7.932e-7
-0.697, -7.813e-7
-0.696, -7.697e-7
-0.695, -7.586e-7
-0.694, -7.477e-7
-0.693, -7.371e-7
-0.692, -7.268e-7
-0.691, -7.166e-7
-0.690, -7.068e-7
-0.689, -6.973e-7
-0.688, -6.880e-7
-0.687, -6.788e-7
-0.686, -6.699e-7
-0.685, -6.613e-7
-0.684, -6.528e-7
-0.683, -6.446e-7
-0.682, -6.364e-7
-0.681, -6.285e-7
-0.680, -6.210e-7
-0.679, -6.135e-7
-0.678, -6.061e-7
-0.677, -5.991e-7
-0.676, -5.921e-7
-0.675, -5.852e-7
-0.674, -5.785e-7
-0.673, -5.720e-7
-0.672, -5.656e-7
-0.671, -5.592e-7
-0.670, -5.532e-7
-0.669, -5.472e-7
-0.668, -5.415e-7
-0.667, -5.359e-7
-0.666, -5.302e-7
-0.665, -5.246e-7
-0.664, -5.193e-7
-0.663, -5.140e-7
-0.662, -5.089e-7
-0.661, -5.039e-7
-0.660, -4.990e-7
-0.659, -4.942e-7
-0.658, -4.894e-7
-0.657, -4.847e-7
-0.656, -4.802e-7
-0.655, -4.757e-7
-0.654, -4.714e-7
-0.653, -4.672e-7
-0.652, -4.630e-7
-0.651, -4.590e-7
-0.650, -4.550e-7
-0.649, -4.510e-7
-0.648, -4.472e-7
-0.647, -4.436e-7
-0.646, -4.399e-7
-0.645, -4.363e-7
-0.644, -4.327e-7
-0.643, -4.292e-7
-0.642, -4.259e-7
-0.641, -4.225e-7
-0.640, -4.192e-7
-0.639, -4.160e-7
-0.638, -4.128e-7
-0.637, -4.097e-7
-0.636, -4.066e-7
-0.635, -4.036e-7
-0.634, -4.006e-7
-0.633, -3.977e-7
-0.632, -3.949e-7
-0.631, -3.921e-7
-0.630, -3.894e-7
-0.629, -3.867e-7
-0.628, -3.840e-7
-0.627, -3.814e-7
-0.626, -3.788e-7
-0.625, -3.762e-7
-0.624, -3.737e-7
-0.623, -3.712e-7
-0.622, -3.688e-7
-0.621, -3.663e-7
-0.620, -3.639e-7
-0.619, -3.615e-7
-0.618, -3.592e-7
-0.617, -3.569e-7
-0.616, -3.546e-7
-0.615, -3.524e-7
-0.614, -3.501e-7
-0.613, -3.480e-7
-0.612, -3.458e-7
-0.611, -3.437e-7
-0.610, -3.416e-7
-0.609, -3.395e-7
-0.608, -3.373e-7
-0.607, -3.353e-7
-0.606, -3.332e-7
-0.605, -3.312e-7
-0.604, -3.291e-7
-0.603, -3.271e-7
-0.602, -3.251e-7
-0.601, -3.231e-7
-0.600, -3.212e-7
-0.599, -3.192e-7
-0.598, -3.173e-7
-0.597, -3.154e-7
-0.596, -3.134e-7
-0.595, -3.115e-7
-0.594, -3.097e-7
-0.593, -3.079e-7
-0.592, -3.060e-7
-0.591, -3.042e-7
-0.590, -3.023e-7
-0.589, -3.005e-7
-0.588, -2.986e-7
-0.587, -2.968e-7
-0.586, -2.950e-7
-0.585, -2.932e-7
-0.584, -2.914e-7
-0.583, -2.896e-7
-0.582, -2.879e-7
-0.581, -2.862e-7
-0.580, -2.845e-7
-0.579, -2.827e-7
-0.578, -2.810e-7
-0.577, -2.792e-7
-0.576, -2.775e-7
-0.575, -2.758e-7
-0.574, -2.741e-7
-0.573, -2.723e-7
-0.572, -2.706e-7
-0.571, -2.689e-7
-0.570, -2.672e-7
-0.569, -2.655e-7
-0.568, -2.638e-7
-0.567, -2.621e-7
-0.566, -2.604e-7
-0.565, -2.587e-7
-0.564, -2.571e-7
-0.563, -2.553e-7
-0.562, -2.537e-7
-0.561, -2.520e-7
-0.560, -2.503e-7
-0.559, -2.486e-7
-0.558, -2.470e-7
-0.557, -2.453e-7
-0.556, -2.437e-7
-0.555, -2.420e-7
-0.554, -2.404e-7
-0.553, -2.388e-7
-0.552, -2.372e-7
-0.551, -2.356e-7
-0.550, -2.339e-7
-0.549, -2.323e-7
-0.548, -2.307e-7
-0.547, -2.291e-7
-0.546, -2.275e-7
-0.545, -2.259e-7
-0.544, -2.243e-7
-0.543, -2.227e-7
-0.542, -2.211e-7
-0.541, -2.195e-7
-0.540, -2.180e-7
-0.539, -2.166e-7
-0.538, -2.150e-7
-0.537, -2.134e-7
-0.536, -2.119e-7
-0.535, -2.103e-7
-0.534, -2.087e-7
-0.533, -2.071e-7
-0.532, -2.056e-7
-0.531, -2.040e-7
-0.530, -2.025e-7
-0.529, -2.010e-7
-0.528, -1.995e-7
-0.527, -1.980e-7
-0.526, -1.965e-7
-0.525, -1.950e-7
-0.524, -1.935e-7
-0.523, -1.920e-7
-0.522, -1.905e-7
-0.521, -1.891e-7
-0.520, -1.876e-7
-0.519, -1.862e-7
-0.518, -1.847e-7
-0.517, -1.833e-7
-0.516, -1.819e-7
-0.515, -1.804e-7
-0.514, -1.790e-7
-0.513, -1.776e-7
-0.512, -1.762e-7
-0.511, -1.747e-7
-0.510, -1.734e-7
-0.509, -1.719e-7
-0.508, -1.705e-7
-0.507, -1.692e-7
-0.506, -1.678e-7
-0.505, -1.665e-7
-0.504, -1.651e-7
-0.503, -1.638e-7
-0.502, -1.625e-7
-0.501, -1.612e-7
-0.500, -1.599e-7
-0.499, -1.586e-7
-0.498, -1.573e-7
-0.497, -1.560e-7
-0.496, -1.547e-7
-0.495, -1.535e-7
-0.494, -1.523e-7
-0.493, -1.511e-7
-0.492, -1.498e-7
-0.491, -1.487e-7
-0.490, -1.475e-7
-0.489, -1.462e-7
-0.488, -1.451e-7
-0.487, -1.439e-7
-0.486, -1.427e-7
-0.485, -1.415e-7
-0.484, -1.404e-7
-0.483, -1.392e-7
-0.482, -1.381e-7
-0.481, -1.370e-7
-0.480, -1.358e-7
-0.479, -1.346e-7
-0.478, -1.336e-7
-0.477, -1.324e-7
-0.476, -1.314e-7
-0.475, -1.304e-7
-0.474, -1.293e-7
-0.473, -1.282e-7
-0.472, -1.272e-7
-0.471, -1.261e-7
-0.470, -1.251e-7
-0.469, -1.240e-7
-0.468, -1.230e-7
-0.467, -1.220e-7
-0.466, -1.209e-7
-0.465, -1.200e-7
-0.464, -1.190e-7
-0.463, -1.180e-7
-0.462, -1.170e-7
-0.461, -1.160e-7
-0.460, -1.150e-7
-0.459, -1.141e-7
-0.458, -1.131e-7
-0.457, -1.122e-7
-0.456, -1.113e-7
-0.455, -1.104e-7
-0.454, -1.095e-7
-0.453, -1.086e-7
-0.452, -1.076e-7
-0.451, -1.068e-7
-0.450, -1.059e-7
-0.449, -1.050e-7
-0.448, -1.041e-7
-0.447, -1.033e-7
-0.446, -1.024e-7
-0.445, -1.015e-7
-0.444, -1.007e-7
-0.443, -9.989e-8
-0.442, -9.903e-8
-0.441, -9.822e-8
-0.440, -9.741e-8
-0.439, -9.658e-8
-0.438, -9.577e-8
-0.437, -9.496e-8
-0.436, -9.420e-8
-0.435, -9.339e-8
-0.434, -9.253e-8
-0.433, -9.179e-8
-0.432, -9.102e-8
-0.431, -9.026e-8
-0.430, -8.955e-8
-0.429, -8.879e-8
-0.428, -8.804e-8
-0.427, -8.734e-8
-0.426, -8.660e-8
-0.425, -8.588e-8
-0.424, -8.518e-8
-0.423, -8.447e-8
-0.422, -8.380e-8
-0.421, -8.309e-8
-0.420, -8.239e-8
-0.419, -8.176e-8
-0.418, -8.107e-8
-0.417, -8.040e-8
-0.416, -7.973e-8
-0.415, -7.908e-8
-0.414, -7.846e-8
-0.413, -7.778e-8
-0.412, -7.713e-8
-0.411, -7.651e-8
-0.410, -7.579e-8
-0.409, -7.512e-8
-0.408, -7.456e-8
-0.407, -7.393e-8
-0.406, -7.335e-8
-0.405, -7.275e-8
-0.404, -7.213e-8
-0.403, -7.158e-8
-0.402, -7.096e-8
-0.401, -7.038e-8
-0.400, -6.980e-8
-0.399, -6.923e-8
-0.398, -6.870e-8
-0.397, -6.813e-8
-0.396, -6.755e-8
-0.395, -6.702e-8
-0.394, -6.644e-8
-0.393, -6.589e-8
-0.392, -6.534e-8
-0.391, -6.478e-8
-0.390, -6.427e-8
-0.389, -6.372e-8
-0.388, -6.317e-8
-0.387, -6.267e-8
-0.386, -6.215e-8
-0.385, -6.165e-8
-0.384, -6.111e-8
-0.383, -6.059e-8
-0.382, -6.012e-8
-0.381, -5.961e-8
-0.380, -5.909e-8
-0.379, -5.861e-8
-0.378, -5.809e-8
-0.377, -5.763e-8
-0.376, -5.718e-8
-0.375, -5.666e-8
-0.374, -5.617e-8
-0.373, -5.569e-8
-0.372, -5.522e-8
-0.371, -5.476e-8
-0.370, -5.430e-8
-0.369, -5.382e-8
-0.368, -5.335e-8
-0.367, -5.286e-8
-0.366, -5.242e-8
-0.365, -5.197e-8
-0.364, -5.149e-8
-0.363, -5.107e-8
-0.362, -5.062e-8
-0.361, -5.020e-8
-0.360, -4.980e-8
-0.359, -4.934e-8
-0.358, -4.886e-8
-0.357, -4.848e-8
-0.356, -4.805e-8
-0.355, -4.764e-8
-0.354, -4.723e-8
-0.353, -4.681e-8
-0.352, -4.640e-8
-0.351, -4.598e-8
-0.350, -4.559e-8
-0.349, -4.518e-8
-0.348, -4.478e-8
-0.347, -4.442e-8
-0.346, -4.402e-8
-0.345, -4.359e-8
-0.344, -4.323e-8
-0.343, -4.282e-8
-0.342, -4.243e-8
-0.341, -4.207e-8
-0.340, -4.168e-8
-0.339, -4.132e-8
-0.338, -4.093e-8
-0.337, -4.055e-8
-0.336, -4.020e-8
-0.335, -3.983e-8
-0.334, -3.948e-8
-0.333, -3.910e-8
-0.332, -3.871e-8
-0.331, -3.839e-8
-0.330, -3.801e-8
-0.329, -3.764e-8
-0.328, -3.731e-8
-0.327, -3.694e-8
-0.326, -3.657e-8
-0.325, -3.626e-8
-0.324, -3.593e-8
-0.323, -3.559e-8
-0.322, -3.524e-8
-0.321, -3.488e-8
-0.320, -3.455e-8
-0.319, -3.420e-8
-0.318, -3.389e-8
-0.317, -3.357e-8
-0.316, -3.322e-8
-0.315, -3.294e-8
-0.314, -3.259e-8
-0.313, -3.225e-8
-0.312, -3.194e-8
-0.311, -3.162e-8
-0.310, -3.130e-8
-0.309, -3.100e-8
-0.308, -3.066e-8
-0.307, -3.032e-8
-0.306, -3.003e-8
-0.305, -2.971e-8
-0.304, -2.940e-8
-0.303, -2.907e-8
-0.302, -2.878e-8
-0.301, -2.849e-8
-0.300, -2.817e-8
-0.299, -2.788e-8
-0.298, -2.757e-8
-0.297, -2.726e-8
-0.296, -2.698e-8
-0.295, -2.666e-8
-0.294, -2.635e-8
-0.293, -2.609e-8
-0.292, -2.578e-8
-0.291, -2.550e-8
-0.290, -2.521e-8
-0.289, -2.492e-8
-0.288, -2.464e-8
-0.287, -2.434e-8
-0.286, -2.407e-8
-0.285, -2.378e-8
-0.284, -2.348e-8
-0.283, -2.322e-8
-0.282, -2.294e-8
-0.281, -2.265e-8
-0.280, -2.241e-8
-0.279, -2.212e-8
-0.278, -2.184e-8
-0.277, -2.156e-8
-0.276, -2.130e-8
-0.275, -2.103e-8
-0.274, -2.077e-8
-0.273, -2.050e-8
-0.272, -2.025e-8
-0.271, -2.000e-8
-0.270, -1.976e-8
-0.269, -1.950e-8
-0.268, -1.923e-8
-0.267, -1.898e-8
-0.266, -1.872e-8
-0.265, -1.845e-8
-0.264, -1.823e-8
-0.263, -1.798e-8
-0.262, -1.770e-8
-0.261, -1.747e-8
-0.260, -1.719e-8
-0.259, -1.693e-8
-0.258, -1.668e-8
-0.257, -1.642e-8
-0.256, -1.613e-8
-0.255, -1.590e-8
-0.254, -1.569e-8
-0.253, -1.545e-8
-0.252, -1.521e-8
-0.251, -1.499e-8
-0.250, -1.476e-8
-0.249, -1.451e-8
-0.248, -1.428e-8
-0.247, -1.402e-8
-0.246, -1.376e-8
-0.245, -1.352e-8
-0.244, -1.329e-8
-0.243, -1.305e-8
-0.242, -1.283e-8
-0.241, -1.262e-8
-0.240, -1.239e-8
-0.239, -1.218e-8
-0.238, -1.197e-8
-0.237, -1.172e-8
-0.236, -1.150e-8
-0.235, -1.130e-8
-0.234, -1.107e-8
-0.233, -1.087e-8
-0.232, -1.065e-8
-0.231, -1.043e-8
-0.230, -1.020e-8
-0.229, -1.001e-8
-0.228, -9.800e-9
-0.227, -9.567e-9
-0.226, -9.362e-9
-0.225, -9.157e-9
-0.224, -8.936e-9
-0.223, -8.716e-9
-0.222, -8.530e-9
-0.221, -8.314e-9
-0.220, -8.101e-9
-0.219, -7.910e-9
-0.218, -7.691e-9
-0.217, -7.500e-9
-0.216, -7.302e-9
-0.215, -7.100e-9
-0.214, -6.913e-9
-0.213, -6.720e-9
-0.212, -6.519e-9
-0.211, -6.311e-9
-0.210, -6.100e-9
-0.209, -5.915e-9
-0.208, -5.677e-9
-0.207, -5.486e-9
-0.206, -5.286e-9
-0.205, -5.020e-9
-0.204, -4.826e-9
-0.203, -4.643e-9
-0.202, -4.424e-9
-0.201, -4.226e-9
-0.200, -4.030e-9
-0.199, -3.835e-9
-0.198, -3.626e-9
-0.197, -3.417e-9
-0.196, -3.227e-9
-0.195, -3.011e-9
-0.194, -2.804e-9
-0.193, -2.612e-9
-0.192, -2.392e-9
-0.191, -2.191e-9
-0.190, -1.997e-9
-0.189, -1.781e-9
-0.188, -1.582e-9
-0.187, -1.394e-9
-0.186, -1.187e-9
-0.185, -1.005e-9
-0.184, -8.086e-10
-0.183, -6.082e-10
-0.182, -4.204e-10
-0.181, -2.310e-10
-0.180, -5.815e-11
-0.179, 1.375e-10
-0.178, 3.245e-10
-0.177, 4.872e-10
-0.176, 6.750e-10
-0.175, 8.361e-10
-0.174, 9.877e-10
-0.173, 1.171e-9
-0.172, 1.314e-9
-0.171, 1.450e-9
-0.170, 1.620e-9
-0.169, 1.763e-9
-0.168, 1.909e-9
-0.167, 2.067e-9
-0.166, 2.196e-9
-0.165, 2.344e-9
-0.164, 2.478e-9
-0.163, 2.599e-9
-0.162, 2.737e-9
-0.161, 2.848e-9
-0.160, 2.995e-9
-0.159, 3.135e-9
-0.158, 3.231e-9
-0.157, 3.377e-9
-0.156, 3.488e-9
-0.155, 3.589e-9
-0.154, 3.766e-9
-0.153, 3.903e-9
-0.152, 3.983e-9
-0.151, 4.103e-9
-0.150, 4.217e-9
-0.149, 4.334e-9
-0.148, 4.450e-9
-0.147, 4.561e-9
-0.146, 4.694e-9
-0.145, 4.783e-9
-0.144, 4.927e-9
-0.143, 5.058e-9
-0.142, 5.145e-9
-0.141, 5.306e-9
-0.140, 5.424e-9
-0.139, 5.526e-9
-0.138, 5.676e-9
-0.137, 5.769e-9
-0.136, 5.871e-9
-0.135, 6.008e-9
-0.134, 6.121e-9
-0.133, 6.244e-9
-0.132, 6.377e-9
-0.131, 6.480e-9
-0.130, 6.630e-9
-0.129, 6.720e-9
-0.128, 6.870e-9
-0.127, 7.012e-9
-0.126, 7.104e-9
-0.125, 7.257e-9
-0.124, 7.379e-9
-0.123, 7.480e-9
-0.122, 7.632e-9
-0.121, 7.741e-9
-0.120, 7.852e-9
-0.119, 8.001e-9
-0.118, 8.114e-9
-0.117, 8.241e-9
-0.116, 8.366e-9
-0.115, 8.475e-9
-0.114, 8.620e-9
-0.113, 8.705e-9
-0.112, 8.811e-9
-0.111, 8.967e-9
-0.110, 9.058e-9
-0.109, 9.208e-9
-0.108, 9.349e-9
-0.107, 9.425e-9
-0.106, 9.594e-9
-0.105, 9.711e-9
-0.104, 9.809e-9
-0.103, 9.972e-9
-0.102, 1.013e-8
-0.101, 1.022e-8
-0.100, 1.035e-8
-0.099, 1.045e-8
-0.098, 1.059e-8
-0.097, 1.071e-8
-0.096, 1.083e-8
-0.095, 1.098e-8
-0.094, 1.107e-8
-0.093, 1.121e-8
-0.092, 1.135e-8
-0.091, 1.143e-8
-0.090, 1.158e-8
-0.089, 1.172e-8
-0.088, 1.181e-8
-0.087, 1.196e-8
-0.086, 1.208e-8
-0.085, 1.220e-8
-0.084, 1.234e-8
-0.083, 1.243e-8
-0.082, 1.259e-8
-0.081, 1.270e-8
-0.080, 1.283e-8
-0.079, 1.295e-8
-0.078, 1.306e-8
-0.077, 1.321e-8
-0.076, 1.338e-8
-0.075, 1.348e-8
-0.074, 1.365e-8
-0.073, 1.377e-8
-0.072, 1.387e-8
-0.071, 1.403e-8
-0.070, 1.413e-8
-0.069, 1.426e-8
-0.068, 1.439e-8
-0.067, 1.450e-8
-0.066, 1.463e-8
-0.065, 1.475e-8
-0.064, 1.488e-8
-0.063, 1.504e-8
-0.062, 1.514e-8
-0.061, 1.527e-8
-0.060, 1.544e-8
-0.059, 1.554e-8
-0.058, 1.569e-8
-0.057, 1.584e-8
-0.056, 1.592e-8
-0.055, 1.609e-8
-0.054, 1.622e-8
-0.053, 1.635e-8
-0.052, 1.650e-8
-0.051, 1.668e-8
-0.050, 1.677e-8
-0.049, 1.690e-8
-0.048, 1.701e-8
-0.047, 1.714e-8
-0.046, 1.724e-8
-0.045, 1.737e-8
-0.044, 1.751e-8
-0.043, 1.760e-8
-0.042, 1.776e-8
-0.041, 1.791e-8
-0.040, 1.801e-8
-0.039, 1.818e-8
-0.038, 1.830e-8
-0.037, 1.844e-8
-0.036, 1.857e-8
-0.035, 1.869e-8
-0.034, 1.883e-8
-0.033, 1.896e-8
-0.032, 1.908e-8
-0.031, 1.925e-8
-0.030, 1.934e-8
-0.029, 1.948e-8
-0.028, 1.968e-8
-0.027, 1.977e-8
-0.026, 1.993e-8
-0.025, 2.009e-8
-0.024, 2.017e-8
-0.023, 2.035e-8
-0.022, 2.049e-8
-0.021, 2.060e-8
-0.020, 2.077e-8
-0.019, 2.090e-8
-0.018, 2.103e-8
-0.017, 2.119e-8
-0.016, 2.131e-8
-0.015, 2.148e-8
-0.014, 2.159e-8
-0.013, 2.173e-8
-0.012, 2.191e-8
-0.011, 2.200e-8
-0.010, 2.216e-8
-0.009, 2.232e-8
-0.008, 2.243e-8
-0.007, 2.262e-8
-0.006, 2.277e-8
-0.005, 2.288e-8
-0.004, 2.306e-8
-0.003, 2.318e-8
-0.002, 2.332e-8
-0.001, 2.346e-8
-0.000, 2.082e-8
-0.001, 1.276e-8
-0.002, 1.002e-8
-0.003, 8.622e-9
-0.004, 7.606e-9
-0.005, 6.713e-9
-0.006, 5.871e-9
-0.007, 5.204e-9
-0.008, 4.526e-9
-0.009, 3.936e-9
-0.010, 3.380e-9
-0.011, 2.797e-9
-0.012, 2.298e-9
-0.013, 1.784e-9
-0.014, 1.302e-9
-0.015, 8.864e-10
-0.016, 4.165e-10
-0.017, 5.500e-12
-0.018, -3.662e-10
-0.019, -7.991e-10
-0.020, -1.168e-9
-0.021, -1.508e-9
-0.022, -1.900e-9
-0.023, -2.210e-9
-0.024, -2.554e-9
-0.025, -2.893e-9
-0.026, -3.194e-9
-0.027, -3.532e-9
-0.028, -3.803e-9
-0.029, -4.103e-9
-0.030, -4.401e-9
-0.031, -4.653e-9
-0.032, -4.960e-9
-0.033, -5.228e-9
-0.034, -5.461e-9
-0.035, -5.772e-9
-0.036, -6.009e-9
-0.037, -6.237e-9
-0.038, -6.533e-9
-0.039, -6.743e-9
-0.040, -6.982e-9
-0.041, -7.214e-9
-0.042, -7.408e-9
-0.043, -7.654e-9
-0.044, -7.858e-9
-0.045, -8.085e-9
-0.046, -8.331e-9
-0.047, -8.505e-9
-0.048, -8.736e-9
-0.049, -8.964e-9
-0.050, -9.132e-9
-0.051, -9.424e-9
-0.052, -9.634e-9
-0.053, -9.779e-9
-0.054, -1.000e-8
-0.055, -1.018e-8
-0.056, -1.036e-8
-0.057, -1.058e-8
-0.058, -1.073e-8
-0.059, -1.094e-8
-0.060, -1.111e-8
-0.061, -1.130e-8
-0.062, -1.150e-8
-0.063, -1.165e-8
-0.064, -1.185e-8
-0.065, -1.204e-8
-0.066, -1.218e-8
-0.067, -1.239e-8
-0.068, -1.257e-8
-0.069, -1.271e-8
-0.070, -1.290e-8
-0.071, -1.306e-8
-0.072, -1.321e-8
-0.073, -1.340e-8
-0.074, -1.355e-8
-0.075, -1.375e-8
-0.076, -1.393e-8
-0.077, -1.412e-8
-0.078, -1.432e-8
-0.079, -1.445e-8
-0.080, -1.462e-8
-0.081, -1.481e-8
-0.082, -1.492e-8
-0.083, -1.512e-8
-0.084, -1.528e-8
-0.085, -1.540e-8
-0.086, -1.560e-8
-0.087, -1.573e-8
-0.088, -1.586e-8
-0.089, -1.605e-8
-0.090, -1.617e-8
-0.091, -1.634e-8
-0.092, -1.649e-8
-0.093, -1.662e-8
-0.094, -1.679e-8
-0.095, -1.692e-8
-0.096, -1.709e-8
-0.097, -1.727e-8
-0.098, -1.739e-8
-0.099, -1.757e-8
-0.100, -1.772e-8
-0.101, -1.784e-8
-0.102, -1.802e-8
-0.103, -1.819e-8
-0.104, -1.828e-8
-0.105, -1.844e-8
-0.106, -1.857e-8
-0.107, -1.869e-8
-0.108, -1.884e-8
-0.109, -1.896e-8
-0.110, -1.912e-8
-0.111, -1.924e-8
-0.112, -1.938e-8
-0.113, -1.954e-8
-0.114, -1.964e-8
-0.115, -1.980e-8
-0.116, -1.994e-8
-0.117, -2.004e-8
-0.118, -2.019e-8
-0.119, -2.031e-8
-0.120, -2.041e-8
-0.121, -2.056e-8
-0.122, -2.068e-8
-0.123, -2.082e-8
-0.124, -2.096e-8
-0.125, -2.110e-8
-0.126, -2.124e-8
-0.127, -2.137e-8
-0.128, -2.150e-8
-0.129, -2.165e-8
-0.130, -2.176e-8
-0.131, -2.191e-8
-0.132, -2.209e-8
-0.133, -2.218e-8
-0.134, -2.234e-8
-0.135, -2.247e-8
-0.136, -2.259e-8
-0.137, -2.276e-8
-0.138, -2.288e-8
-0.139, -2.300e-8
-0.140, -2.315e-8
-0.141, -2.328e-8
-0.142, -2.343e-8
-0.143, -2.356e-8
-0.144, -2.369e-8
-0.145, -2.385e-8
-0.146, -2.398e-8
-0.147, -2.413e-8
-0.148, -2.430e-8
-0.149, -2.441e-8
-0.150, -2.459e-8
-0.151, -2.474e-8
-0.152, -2.485e-8
-0.153, -2.504e-8
-0.154, -2.524e-8
-0.155, -2.533e-8
-0.156, -2.549e-8
-0.157, -2.562e-8
-0.158, -2.578e-8
-0.159, -2.593e-8
-0.160, -2.607e-8
-0.161, -2.624e-8
-0.162, -2.637e-8
-0.163, -2.653e-8
-0.164, -2.671e-8
-0.165, -2.684e-8
-0.166, -2.703e-8
-0.167, -2.720e-8
-0.168, -2.732e-8
-0.169, -2.750e-8
-0.170, -2.767e-8
-0.171, -2.782e-8
-0.172, -2.800e-8
-0.173, -2.817e-8
-0.174, -2.834e-8
-0.175, -2.851e-8
-0.176, -2.866e-8
-0.177, -2.884e-8
-0.178, -2.900e-8
-0.179, -2.917e-8
-0.180, -2.936e-8
-0.181, -2.952e-8
-0.182, -2.970e-8
-0.183, -2.990e-8
-0.184, -3.004e-8
-0.185, -3.024e-8
-0.186, -3.043e-8
-0.187, -3.059e-8
-0.188, -3.080e-8
-0.189, -3.099e-8
-0.190, -3.117e-8
-0.191, -3.135e-8
-0.192, -3.154e-8
-0.193, -3.171e-8
-0.194, -3.189e-8
-0.195, -3.209e-8
-0.196, -3.229e-8
-0.197, -3.248e-8
-0.198, -3.268e-8
-0.199, -3.288e-8
-0.200, -3.307e-8
-0.201, -3.326e-8
-0.202, -3.347e-8
-0.203, -3.365e-8
-0.204, -3.386e-8
-0.205, -3.413e-8
-0.206, -3.430e-8
-0.207, -3.450e-8
-0.208, -3.471e-8
-0.209, -3.494e-8
-0.210, -3.514e-8
-0.211, -3.537e-8
-0.212, -3.558e-8
-0.213, -3.578e-8
-0.214, -3.601e-8
-0.215, -3.623e-8
-0.216, -3.646e-8
-0.217, -3.669e-8
-0.218, -3.695e-8
-0.219, -3.717e-8
-0.220, -3.741e-8
-0.221, -3.766e-8
-0.222, -3.790e-8
-0.223, -3.813e-8
-0.224, -3.840e-8
-0.225, -3.863e-8
-0.226, -3.887e-8
-0.227, -3.913e-8
-0.228, -3.939e-8
-0.229, -3.964e-8
-0.230, -3.991e-8
-0.231, -4.017e-8
-0.232, -4.041e-8
-0.233, -4.067e-8
-0.234, -4.097e-8
-0.235, -4.122e-8
-0.236, -4.149e-8
-0.237, -4.177e-8
-0.238, -4.203e-8
-0.239, -4.230e-8
-0.240, -4.260e-8
-0.241, -4.289e-8
-0.242, -4.317e-8
-0.243, -4.349e-8
-0.244, -4.380e-8
-0.245, -4.410e-8
-0.246, -4.440e-8
-0.247, -4.468e-8
-0.248, -4.498e-8
-0.249, -4.528e-8
-0.250, -4.561e-8
-0.251, -4.592e-8
-0.252, -4.621e-8
-0.253, -4.657e-8
-0.254, -4.689e-8
-0.255, -4.723e-8
-0.256, -4.763e-8
-0.257, -4.796e-8
-0.258, -4.827e-8
-0.259, -4.863e-8
-0.260, -4.898e-8
-0.261, -4.934e-8
-0.262, -4.972e-8
-0.263, -5.007e-8
-0.264, -5.042e-8
-0.265, -5.078e-8
-0.266, -5.117e-8
-0.267, -5.156e-8
-0.268, -5.194e-8
-0.269, -5.239e-8
-0.270, -5.279e-8
-0.271, -5.317e-8
-0.272, -5.362e-8
-0.273, -5.403e-8
-0.274, -5.443e-8
-0.275, -5.488e-8
-0.276, -5.531e-8
-0.277, -5.574e-8
-0.278, -5.620e-8
-0.279, -5.667e-8
-0.280, -5.714e-8
-0.281, -5.757e-8
-0.282, -5.802e-8
-0.283, -5.848e-8
-0.284, -5.894e-8
-0.285, -5.942e-8
-0.286, -5.991e-8
-0.287, -6.035e-8
-0.288, -6.086e-8
-0.289, -6.136e-8
-0.290, -6.184e-8
-0.291, -6.236e-8
-0.292, -6.284e-8
-0.293, -6.340e-8
-0.294, -6.393e-8
-0.295, -6.445e-8
-0.296, -6.497e-8
-0.297, -6.550e-8
-0.298, -6.602e-8
-0.299, -6.658e-8
-0.300, -6.710e-8
-0.301, -6.767e-8
-0.302, -6.823e-8
-0.303, -6.875e-8
-0.304, -6.932e-8
-0.305, -6.986e-8
-0.306, -7.042e-8
-0.307, -7.108e-8
-0.308, -7.169e-8
-0.309, -7.222e-8
-0.310, -7.283e-8
-0.311, -7.342e-8
-0.312, -7.406e-8
-0.313, -7.467e-8
-0.314, -7.525e-8
-0.315, -7.589e-8
-0.316, -7.653e-8
-0.317, -7.719e-8
-0.318, -7.787e-8
-0.319, -7.851e-8
-0.320, -7.921e-8
-0.321, -7.988e-8
-0.322, -8.057e-8
-0.323, -8.131e-8
-0.324, -8.199e-8
-0.325, -8.268e-8
-0.326, -8.345e-8
-0.327, -8.418e-8
-0.328, -8.494e-8
-0.329, -8.571e-8
-0.330, -8.648e-8
-0.331, -8.729e-8
-0.332, -8.806e-8
-0.333, -8.888e-8
-0.334, -8.972e-8
-0.335, -9.051e-8
-0.336, -9.138e-8
-0.337, -9.223e-8
-0.338, -9.312e-8
-0.339, -9.408e-8
-0.340, -9.494e-8
-0.341, -9.583e-8
-0.342, -9.680e-8
-0.343, -9.773e-8
-0.344, -9.871e-8
-0.345, -9.970e-8
-0.346, -1.006e-7
-0.347, -1.015e-7
-0.348, -1.025e-7
-0.349, -1.035e-7
-0.350, -1.045e-7
-0.351, -1.055e-7
-0.352, -1.066e-7
-0.353, -1.077e-7
-0.354, -1.087e-7
-0.355, -1.098e-7
-0.356, -1.109e-7
-0.357, -1.120e-7
-0.358, -1.131e-7
-0.359, -1.143e-7
-0.360, -1.154e-7
-0.361, -1.166e-7
-0.362, -1.178e-7
-0.363, -1.190e-7
-0.364, -1.202e-7
-0.365, -1.214e-7
-0.366, -1.227e-7
-0.367, -1.239e-7
-0.368, -1.252e-7
-0.369, -1.265e-7
-0.370, -1.278e-7
-0.371, -1.292e-7
-0.372, -1.305e-7
-0.373, -1.317e-7
-0.374, -1.332e-7
-0.375, -1.345e-7
-0.376, -1.360e-7
-0.377, -1.374e-7
-0.378, -1.389e-7
-0.379, -1.403e-7
-0.380, -1.418e-7
-0.381, -1.433e-7
-0.382, -1.449e-7
-0.383, -1.464e-7
-0.384, -1.480e-7
-0.385, -1.496e-7
-0.386, -1.511e-7
-0.387, -1.527e-7
-0.388, -1.544e-7
-0.389, -1.560e-7
-0.390, -1.577e-7
-0.391, -1.594e-7
-0.392, -1.611e-7
-0.393, -1.629e-7
-0.394, -1.646e-7
-0.395, -1.664e-7
-0.396, -1.682e-7
-0.397, -1.700e-7
-0.398, -1.719e-7
-0.399, -1.738e-7
-0.400, -1.757e-7
-0.401, -1.776e-7
-0.402, -1.795e-7
-0.403, -1.815e-7
-0.404, -1.835e-7
-0.405, -1.854e-7
-0.406, -1.875e-7
-0.407, -1.895e-7
-0.408, -1.915e-7
-0.409, -1.936e-7
-0.410, -1.958e-7
-0.411, -1.980e-7
-0.412, -2.001e-7
-0.413, -2.022e-7
-0.414, -2.044e-7
-0.415, -2.066e-7
-0.416, -2.089e-7
-0.417, -2.112e-7
-0.418, -2.134e-7
-0.419, -2.158e-7
-0.420, -2.181e-7
-0.421, -2.204e-7
-0.422, -2.228e-7
-0.423, -2.252e-7
-0.424, -2.276e-7
-0.425, -2.300e-7
-0.426, -2.324e-7
-0.427, -2.349e-7
-0.428, -2.374e-7
-0.429, -2.399e-7
-0.430, -2.424e-7
-0.431, -2.450e-7
-0.432, -2.476e-7
-0.433, -2.502e-7
-0.434, -2.529e-7
-0.435, -2.556e-7
-0.436, -2.582e-7
-0.437, -2.609e-7
-0.438, -2.636e-7
-0.439, -2.663e-7
-0.440, -2.690e-7
-0.441, -2.717e-7
-0.442, -2.745e-7
-0.443, -2.773e-7
-0.444, -2.801e-7
-0.445, -2.829e-7
-0.446, -2.858e-7
-0.447, -2.885e-7
-0.448, -2.913e-7
-0.449, -2.942e-7
-0.450, -2.971e-7
-0.451, -3.000e-7
-0.452, -3.029e-7
-0.453, -3.058e-7
-0.454, -3.088e-7
-0.455, -3.118e-7
-0.456, -3.147e-7
-0.457, -3.176e-7
-0.458, -3.206e-7
-0.459, -3.236e-7
-0.460, -3.265e-7
-0.461, -3.297e-7
-0.462, -3.327e-7
-0.463, -3.356e-7
-0.464, -3.386e-7
-0.465, -3.416e-7
-0.466, -3.446e-7
-0.467, -3.475e-7
-0.468, -3.505e-7
-0.469, -3.534e-7
-0.470, -3.564e-7
-0.471, -3.593e-7
-0.472, -3.622e-7
-0.473, -3.652e-7
-0.474, -3.681e-7
-0.475, -3.711e-7
-0.476, -3.739e-7
-0.477, -3.768e-7
-0.478, -3.797e-7
-0.479, -3.825e-7
-0.480, -3.852e-7
-0.481, -3.881e-7
-0.482, -3.909e-7
-0.483, -3.936e-7
-0.484, -3.963e-7
-0.485, -3.990e-7
-0.486, -4.017e-7
-0.487, -4.043e-7
-0.488, -4.069e-7
-0.489, -4.095e-7
-0.490, -4.121e-7
-0.491, -4.145e-7
-0.492, -4.170e-7
-0.493, -4.194e-7
-0.494, -4.217e-7
-0.495, -4.240e-7
-0.496, -4.263e-7
-0.497, -4.285e-7
-0.498, -4.307e-7
-0.499, -4.329e-7
-0.500, -4.350e-7
-0.501, -4.371e-7
-0.502, -4.390e-7
-0.503, -4.410e-7
-0.504, -4.429e-7
-0.505, -4.448e-7
-0.506, -4.465e-7
-0.507, -4.482e-7
-0.508, -4.499e-7
-0.509, -4.516e-7
-0.510, -4.533e-7
-0.511, -4.548e-7
-0.512, -4.564e-7
-0.513, -4.578e-7
-0.514, -4.592e-7
-0.515, -4.606e-7
-0.516, -4.619e-7
-0.517, -4.631e-7
-0.518, -4.643e-7
-0.519, -4.655e-7
-0.520, -4.666e-7
-0.521, -4.676e-7
-0.522, -4.686e-7
-0.523, -4.696e-7
-0.524, -4.705e-7
-0.525, -4.715e-7
-0.526, -4.723e-7
-0.527, -4.730e-7
-0.528, -4.738e-7
-0.529, -4.746e-7
-0.530, -4.753e-7
-0.531, -4.759e-7
-0.532, -4.766e-7
-0.533, -4.771e-7
-0.534, -4.776e-7
-0.535, -4.781e-7
-0.536, -4.786e-7
-0.537, -4.791e-7
-0.538, -4.795e-7
-0.539, -4.799e-7
-0.540, -4.803e-7
-0.541, -4.807e-7
-0.542, -4.810e-7
-0.543, -4.813e-7
-0.544, -4.816e-7
-0.545, -4.819e-7
-0.546, -4.822e-7
-0.547, -4.824e-7
-0.548, -4.827e-7
-0.549, -4.829e-7
-0.550, -4.831e-7
-0.551, -4.834e-7
-0.552, -4.836e-7
-0.553, -4.838e-7
-0.554, -4.841e-7
-0.555, -4.842e-7
-0.556, -4.845e-7
-0.557, -4.848e-7
-0.558, -4.850e-7
-0.559, -4.852e-7
-0.560, -4.855e-7
-0.561, -4.858e-7
-0.562, -4.861e-7
-0.563, -4.864e-7
-0.564, -4.867e-7
-0.565, -4.870e-7
-0.566, -4.873e-7
-0.567, -4.876e-7
-0.568, -4.880e-7
-0.569, -4.884e-7
-0.570, -4.888e-7
-0.571, -4.892e-7
-0.572, -4.896e-7
-0.573, -4.901e-7
-0.574, -4.908e-7
-0.575, -4.912e-7
-0.576, -4.918e-7
-0.577, -4.923e-7
-0.578, -4.930e-7
-0.579, -4.935e-7
-0.580, -4.941e-7
-0.581, -4.947e-7
-0.582, -4.953e-7
-0.583, -4.959e-7
-0.584, -4.967e-7
-0.585, -4.973e-7
-0.586, -4.980e-7
-0.587, -4.988e-7
-0.588, -4.996e-7
-0.589, -5.005e-7
-0.590, -5.013e-7
-0.591, -5.022e-7
-0.592, -5.030e-7
-0.593, -5.040e-7
-0.594, -5.050e-7
-0.595, -5.060e-7
-0.596, -5.069e-7
-0.597, -5.079e-7
-0.598, -5.090e-7
-0.599, -5.101e-7
-0.600, -5.112e-7
-0.601, -5.123e-7
-0.602, -5.134e-7
-0.603, -5.145e-7
-0.604, -5.157e-7
-0.605, -5.170e-7
-0.606, -5.182e-7
-0.607, -5.194e-7
-0.608, -5.208e-7
-0.609, -5.221e-7
-0.610, -5.233e-7
-0.611, -5.246e-7
-0.612, -5.259e-7
-0.613, -5.273e-7
-0.614, -5.287e-7
-0.615, -5.302e-7
-0.616, -5.316e-7
-0.617, -5.330e-7
-0.618, -5.345e-7
-0.619, -5.360e-7
-0.620, -5.374e-7
-0.621, -5.390e-7
-0.622, -5.405e-7
-0.623, -5.420e-7
-0.624, -5.436e-7
-0.625, -5.452e-7
-0.626, -5.468e-7
-0.627, -5.486e-7
-0.628, -5.502e-7
-0.629, -5.520e-7
-0.630, -5.537e-7
-0.631, -5.555e-7
-0.632, -5.573e-7
-0.633, -5.592e-7
-0.634, -5.610e-7
-0.635, -5.629e-7
-0.636, -5.649e-7
-0.637, -5.669e-7
-0.638, -5.690e-7
-0.639, -5.710e-7
-0.640, -5.731e-7
-0.641, -5.753e-7
-0.642, -5.774e-7
-0.643, -5.797e-7
-0.644, -5.819e-7
-0.645, -5.842e-7
-0.646, -5.865e-7
-0.647, -5.889e-7
-0.648, -5.914e-7
-0.649, -5.939e-7
-0.650, -5.964e-7
-0.651, -5.990e-7
-0.652, -6.015e-7
-0.653, -6.040e-7
-0.654, -6.068e-7
-0.655, -6.095e-7
-0.656, -6.123e-7
-0.657, -6.152e-7
-0.658, -6.180e-7
-0.659, -6.210e-7
-0.660, -6.239e-7
-0.661, -6.269e-7
-0.662, -6.300e-7
-0.663, -6.331e-7
-0.664, -6.362e-7
-0.665, -6.395e-7
-0.666, -6.428e-7
-0.667, -6.462e-7
-0.668, -6.494e-7
-0.669, -6.528e-7
-0.670, -6.563e-7
-0.671, -6.597e-7
-0.672, -6.631e-7
-0.673, -6.667e-7
-0.674, -6.702e-7
-0.675, -6.738e-7
-0.676, -6.774e-7
-0.677, -6.811e-7
-0.678, -6.848e-7
-0.679, -6.886e-7
-0.680, -6.924e-7
-0.681, -6.961e-7
-0.682, -6.999e-7
-0.683, -7.038e-7
-0.684, -7.077e-7
-0.685, -7.116e-7
-0.686, -7.157e-7
-0.687, -7.197e-7
-0.688, -7.238e-7
-0.689, -7.279e-7
-0.690, -7.319e-7
-0.691, -7.361e-7
-0.692, -7.402e-7
-0.693, -7.443e-7
-0.694, -7.486e-7
-0.695, -7.528e-7
-0.696, -7.571e-7
-0.697, -7.613e-7
-0.698, -7.656e-7
-0.699, -7.700e-7
-0.700, -7.711e-7
-0.699, -7.595e-7
-0.698, -7.477e-7
-0.697, -7.367e-7
-0.696, -7.260e-7
-0.695, -7.155e-7
-0.694, -7.054e-7
-0.693, -6.955e-7
-0.692, -6.857e-7
-0.691, -6.761e-7
-0.690, -6.669e-7
-0.689, -6.579e-7
-0.688, -6.490e-7
-0.687, -6.403e-7
-0.686, -6.318e-7
-0.685, -6.236e-7
-0.684, -6.155e-7
-0.683, -6.076e-7
-0.682, -6.000e-7
-0.681, -5.925e-7
-0.680, -5.851e-7
-0.679, -5.780e-7
-0.678, -5.709e-7
-0.677, -5.639e-7
-0.676, -5.571e-7
-0.675, -5.505e-7
-0.674, -5.440e-7
-0.673, -5.377e-7
-0.672, -5.315e-7
-0.671, -5.254e-7
-0.670, -5.194e-7
-0.669, -5.136e-7
-0.668, -5.079e-7
-0.667, -5.024e-7
-0.666, -4.969e-7
-0.665, -4.915e-7
-0.664, -4.862e-7
-0.663, -4.811e-7
-0.662, -4.761e-7
-0.661, -4.712e-7
-0.660, -4.664e-7
-0.659, -4.617e-7
-0.658, -4.571e-7
-0.657, -4.526e-7
-0.656, -4.481e-7
-0.655, -4.439e-7
-0.654, -4.396e-7
-0.653, -4.354e-7
-0.652, -4.313e-7
-0.651, -4.274e-7
-0.650, -4.234e-7
-0.649, -4.196e-7
-0.648, -4.159e-7
-0.647, -4.122e-7
-0.646, -4.085e-7
-0.645, -4.049e-7
-0.644, -4.014e-7
-0.643, -3.979e-7
-0.642, -3.946e-7
-0.641, -3.914e-7
-0.640, -3.881e-7
-0.639, -3.849e-7
-0.638, -3.818e-7
-0.637, -3.787e-7
-0.636, -3.757e-7
-0.635, -3.728e-7
-0.634, -3.698e-7
-0.633, -3.669e-7
-0.632, -3.641e-7
-0.631, -3.613e-7
-0.630, -3.586e-7
-0.629, -3.559e-7
-0.628, -3.533e-7
-0.627, -3.507e-7
-0.626, -3.482e-7
-0.625, -3.457e-7
-0.624, -3.432e-7
-0.623, -3.408e-7
-0.622, -3.384e-7
-0.621, -3.360e-7
-0.620, -3.337e-7
-0.619, -3.313e-7
-0.618, -3.290e-7
-0.617, -3.267e-7
-0.616, -3.245e-7
-0.615, -3.223e-7
-0.614, -3.201e-7
-0.613, -3.180e-7
-0.612, -3.159e-7
-0.611, -3.138e-7
-0.610, -3.117e-7
-0.609, -3.097e-7
-0.608, -3.077e-7
-0.607, -3.057e-7
-0.606, -3.038e-7
-0.605, -3.018e-7
-0.604, -2.999e-7
-0.603, -2.979e-7
-0.602, -2.960e-7
-0.601, -2.941e-7
-0.600, -2.922e-7
-0.599, -2.904e-7
-0.598, -2.886e-7
-0.597, -2.869e-7
-0.596, -2.851e-7
-0.595, -2.832e-7
-0.594, -2.814e-7
-0.593, -2.797e-7
-0.592, -2.779e-7
-0.591, -2.762e-7
-0.590, -2.745e-7
-0.589, -2.727e-7
-0.588, -2.709e-7
-0.587, -2.693e-7
-0.586, -2.676e-7
-0.585, -2.659e-7
-0.584, -2.642e-7
-0.583, -2.626e-7
-0.582, -2.609e-7
-0.581, -2.593e-7
-0.580, -2.576e-7
-0.579, -2.560e-7
-0.578, -2.543e-7
-0.577, -2.527e-7
-0.576, -2.511e-7
-0.575, -2.494e-7
-0.574, -2.478e-7
-0.573, -2.462e-7
-0.572, -2.446e-7
-0.571, -2.431e-7
-0.570, -2.415e-7
-0.569, -2.399e-7
-0.568, -2.384e-7
-0.567, -2.368e-7
-0.566, -2.353e-7
-0.565, -2.337e-7
-0.564, -2.321e-7
-0.563, -2.305e-7
-0.562, -2.292e-7
-0.561, -2.279e-7
-0.560, -2.264e-7
-0.559, -2.249e-7
-0.558, -2.234e-7
-0.557, -2.219e-7
-0.556, -2.204e-7
-0.555, -2.189e-7
-0.554, -2.173e-7
-0.553, -2.159e-7
-0.552, -2.144e-7
-0.551, -2.128e-7
-0.550, -2.114e-7
-0.549, -2.098e-7
-0.548, -2.083e-7
-0.547, -2.069e-7
-0.546, -2.054e-7
-0.545, -2.039e-7
-0.544, -2.025e-7
-0.543, -2.010e-7
-0.542, -1.996e-7
-0.541, -1.981e-7
-0.540, -1.966e-7
-0.539, -1.952e-7
-0.538, -1.937e-7
-0.537, -1.923e-7
-0.536, -1.909e-7
-0.535, -1.894e-7
-0.534, -1.880e-7
-0.533, -1.866e-7
-0.532, -1.852e-7
-0.531, -1.837e-7
-0.530, -1.823e-7
-0.529, -1.809e-7
-0.528, -1.795e-7
-0.527, -1.781e-7
-0.526, -1.768e-7
-0.525, -1.754e-7
-0.524, -1.740e-7
-0.523, -1.726e-7
-0.522, -1.712e-7
-0.521, -1.698e-7
-0.520, -1.685e-7
-0.519, -1.671e-7
-0.518, -1.658e-7
-0.517, -1.644e-7
-0.516, -1.631e-7
-0.515, -1.618e-7
-0.514, -1.604e-7
-0.513, -1.592e-7
-0.512, -1.578e-7
-0.511, -1.565e-7
-0.510, -1.553e-7
-0.509, -1.540e-7
-0.508, -1.527e-7
-0.507, -1.515e-7
-0.506, -1.502e-7
-0.505, -1.490e-7
-0.504, -1.478e-7
-0.503, -1.465e-7
-0.502, -1.453e-7
-0.501, -1.441e-7
-0.500, -1.429e-7
-0.499, -1.417e-7
-0.498, -1.405e-7
-0.497, -1.393e-7
-0.496, -1.381e-7
-0.495, -1.370e-7
-0.494, -1.358e-7
-0.493, -1.346e-7
-0.492, -1.335e-7
-0.491, -1.324e-7
-0.490, -1.313e-7
-0.489, -1.303e-7
-0.488, -1.292e-7
-0.487, -1.281e-7
-0.486, -1.270e-7
-0.485, -1.259e-7
-0.484, -1.249e-7
-0.483, -1.238e-7
-0.482, -1.228e-7
-0.481, -1.217e-7
-0.480, -1.207e-7
-0.479, -1.196e-7
-0.478, -1.187e-7
-0.477, -1.176e-7
-0.476, -1.166e-7
-0.475, -1.156e-7
-0.474, -1.146e-7
-0.473, -1.136e-7
-0.472, -1.127e-7
-0.471, -1.117e-7
-0.470, -1.108e-7
-0.469, -1.098e-7
-0.468, -1.089e-7
-0.467, -1.080e-7
-0.466, -1.070e-7
-0.465, -1.061e-7
-0.464, -1.052e-7
-0.463, -1.043e-7
-0.462, -1.034e-7
-0.461, -1.024e-7
-0.460, -1.015e-7
-0.459, -1.007e-7
-0.458, -9.980e-8
-0.457, -9.892e-8
-0.456, -9.809e-8
-0.455, -9.722e-8
-0.454, -9.637e-8
-0.453, -9.551e-8
-0.452, -9.468e-8
-0.451, -9.388e-8
-0.450, -9.302e-8
-0.449, -9.216e-8
-0.448, -9.136e-8
-0.447, -9.056e-8
-0.446, -8.980e-8
-0.445, -8.901e-8
-0.444, -8.820e-8
-0.443, -8.748e-8
-0.442, -8.672e-8
-0.441, -8.595e-8
-0.440, -8.522e-8
-0.439, -8.448e-8
-0.438, -8.374e-8
-0.437, -8.302e-8
-0.436, -8.229e-8
-0.435, -8.162e-8
-0.434, -8.092e-8
-0.433, -8.021e-8
-0.432, -7.952e-8
-0.431, -7.883e-8
-0.430, -7.815e-8
-0.429, -7.746e-8
-0.428, -7.679e-8
-0.427, -7.613e-8
-0.426, -7.546e-8
-0.425, -7.480e-8
-0.424, -7.418e-8
-0.423, -7.354e-8
-0.422, -7.290e-8
-0.421, -7.229e-8
-0.420, -7.168e-8
-0.419, -7.107e-8
-0.418, -7.045e-8
-0.417, -6.983e-8
-0.416, -6.926e-8
-0.415, -6.869e-8
-0.414, -6.811e-8
-0.413, -6.752e-8
-0.412, -6.692e-8
-0.411, -6.637e-8
-0.410, -6.575e-8
-0.409, -6.512e-8
-0.408, -6.462e-8
-0.407, -6.407e-8
-0.406, -6.350e-8
-0.405, -6.296e-8
-0.404, -6.242e-8
-0.403, -6.190e-8
-0.402, -6.136e-8
-0.401, -6.082e-8
-0.400, -6.032e-8
-0.399, -5.980e-8
-0.398, -5.929e-8
-0.397, -5.877e-8
-0.396, -5.824e-8
-0.395, -5.776e-8
-0.394, -5.729e-8
-0.393, -5.677e-8
-0.392, -5.628e-8
-0.391, -5.578e-8
-0.390, -5.530e-8
-0.389, -5.484e-8
-0.388, -5.436e-8
-0.387, -5.387e-8
-0.386, -5.339e-8
-0.385, -5.291e-8
-0.384, -5.244e-8
-0.383, -5.196e-8
-0.382, -5.151e-8
-0.381, -5.106e-8
-0.380, -5.061e-8
-0.379, -5.019e-8
-0.378, -4.976e-8
-0.377, -4.930e-8
-0.376, -4.889e-8
-0.375, -4.845e-8
-0.374, -4.801e-8
-0.373, -4.759e-8
-0.372, -4.719e-8
-0.371, -4.675e-8
-0.370, -4.634e-8
-0.369, -4.593e-8
-0.368, -4.552e-8
-0.367, -4.511e-8
-0.366, -4.472e-8
-0.365, -4.434e-8
-0.364, -4.392e-8
-0.363, -4.353e-8
-0.362, -4.311e-8
-0.361, -4.270e-8
-0.360, -4.234e-8
-0.359, -4.195e-8
-0.358, -4.152e-8
-0.357, -4.120e-8
-0.356, -4.081e-8
-0.355, -4.042e-8
-0.354, -4.006e-8
-0.353, -3.971e-8
-0.352, -3.933e-8
-0.351, -3.898e-8
-0.350, -3.862e-8
-0.349, -3.826e-8
-0.348, -3.789e-8
-0.347, -3.755e-8
-0.346, -3.720e-8
-0.345, -3.683e-8
-0.344, -3.650e-8
-0.343, -3.615e-8
-0.342, -3.580e-8
-0.341, -3.549e-8
-0.340, -3.515e-8
-0.339, -3.480e-8
-0.338, -3.449e-8
-0.337, -3.415e-8
-0.336, -3.382e-8
-0.335, -3.352e-8
-0.334, -3.322e-8
-0.333, -3.289e-8
-0.332, -3.258e-8
-0.331, -3.226e-8
-0.330, -3.194e-8
-0.329, -3.164e-8
-0.328, -3.134e-8
-0.327, -3.104e-8
-0.326, -3.074e-8
-0.325, -3.044e-8
-0.324, -3.014e-8
-0.323, -2.982e-8
-0.322, -2.953e-8
-0.321, -2.923e-8
-0.320, -2.892e-8
-0.319, -2.864e-8
-0.318, -2.836e-8
-0.317, -2.805e-8
-0.316, -2.777e-8
-0.315, -2.748e-8
-0.314, -2.719e-8
-0.313, -2.689e-8
-0.312, -2.661e-8
-0.311, -2.634e-8
-0.310, -2.605e-8
-0.309, -2.579e-8
-0.308, -2.551e-8
-0.307, -2.518e-8
-0.306, -2.493e-8
-0.305, -2.469e-8
-0.304, -2.439e-8
-0.303, -2.412e-8
-0.302, -2.385e-8
-0.301, -2.357e-8
-0.300, -2.331e-8
-0.299, -2.305e-8
-0.298, -2.280e-8
-0.297, -2.253e-8
-0.296, -2.228e-8
-0.295, -2.201e-8
-0.294, -2.174e-8
-0.293, -2.147e-8
-0.292, -2.123e-8
-0.291, -2.095e-8
-0.290, -2.070e-8
-0.289, -2.046e-8
-0.288, -2.021e-8
-0.287, -1.999e-8
-0.286, -1.975e-8
-0.285, -1.948e-8
-0.284, -1.923e-8
-0.283, -1.900e-8
-0.282, -1.874e-8
-0.281, -1.848e-8
-0.280, -1.826e-8
-0.279, -1.801e-8
-0.278, -1.777e-8
-0.277, -1.751e-8
-0.276, -1.728e-8
-0.275, -1.702e-8
-0.274, -1.676e-8
-0.273, -1.654e-8
-0.272, -1.628e-8
-0.271, -1.605e-8
-0.270, -1.584e-8
-0.269, -1.558e-8
-0.268, -1.536e-8
-0.267, -1.515e-8
-0.266, -1.490e-8
-0.265, -1.467e-8
-0.264, -1.445e-8
-0.263, -1.422e-8
-0.262, -1.396e-8
-0.261, -1.371e-8
-0.260, -1.347e-8
-0.259, -1.325e-8
-0.258, -1.303e-8
-0.257, -1.283e-8
-0.256, -1.254e-8
-0.255, -1.235e-8
-0.254, -1.217e-8
-0.253, -1.195e-8
-0.252, -1.172e-8
-0.251, -1.154e-8
-0.250, -1.130e-8
-0.249, -1.111e-8
-0.248, -1.090e-8
-0.247, -1.069e-8
-0.246, -1.050e-8
-0.245, -1.029e-8
-0.244, -1.009e-8
-0.243, -9.883e-9
-0.242, -9.686e-9
-0.241, -9.511e-9
-0.240, -9.282e-9
-0.239, -9.057e-9
-0.238, -8.900e-9
-0.237, -8.664e-9
-0.236, -8.474e-9
-0.235, -8.296e-9
-0.234, -8.087e-9
-0.233, -7.903e-9
-0.232, -7.707e-9
-0.231, -7.512e-9
-0.230, -7.322e-9
-0.229, -7.139e-9
-0.228, -6.967e-9
-0.227, -6.781e-9
-0.226, -6.579e-9
-0.225, -6.425e-9
-0.224, -6.217e-9
-0.223, -6.018e-9
-0.222, -5.850e-9
-0.221, -5.641e-9
-0.220, -5.444e-9
-0.219, -5.287e-9
-0.218, -5.074e-9
-0.217, -4.887e-9
-0.216, -4.714e-9
-0.215, -4.521e-9
-0.214, -4.344e-9
-0.213, -4.147e-9
-0.212, -3.972e-9
-0.211, -3.793e-9
-0.210, -3.590e-9
-0.209, -3.426e-9
-0.208, -3.238e-9
-0.207, -3.035e-9
-0.206, -2.875e-9
-0.205, -2.636e-9
-0.204, -2.442e-9
-0.203, -2.299e-9
-0.202, -2.102e-9
-0.201, -1.937e-9
-0.200, -1.749e-9
-0.199, -1.547e-9
-0.198, -1.381e-9
-0.197, -1.187e-9
-0.196, -1.011e-9
-0.195, -8.267e-10
-0.194, -6.184e-10
-0.193, -4.455e-10
-0.192, -2.373e-10
-0.191, -4.322e-11
-0.190, 1.092e-10
-0.189, 3.151e-10
-0.188, 5.241e-10
-0.187, 6.805e-10
-0.186, 8.997e-10
-0.185, 1.071e-9
-0.184, 1.242e-9
-0.183, 1.443e-9
-0.182, 1.598e-9
-0.181, 1.783e-9
-0.180, 1.960e-9
-0.179, 2.128e-9
-0.178, 2.328e-9
-0.177, 2.466e-9
-0.176, 2.633e-9
-0.175, 2.822e-9
-0.174, 2.947e-9
-0.173, 3.121e-9
-0.172, 3.294e-9
-0.171, 3.397e-9
-0.170, 3.577e-9
-0.169, 3.718e-9
-0.168, 3.831e-9
-0.167, 4.004e-9
-0.166, 4.109e-9
-0.165, 4.239e-9
-0.164, 4.375e-9
-0.163, 4.471e-9
-0.162, 4.606e-9
-0.161, 4.708e-9
-0.160, 4.825e-9
-0.159, 4.976e-9
-0.158, 5.050e-9
-0.157, 5.192e-9
-0.156, 5.311e-9
-0.155, 5.387e-9
-0.154, 5.554e-9
-0.153, 5.690e-9
-0.152, 5.758e-9
-0.151, 5.887e-9
-0.150, 5.975e-9
-0.149, 6.073e-9
-0.148, 6.196e-9
-0.147, 6.274e-9
-0.146, 6.412e-9
-0.145, 6.504e-9
-0.144, 6.604e-9
-0.143, 6.741e-9
-0.142, 6.812e-9
-0.141, 6.942e-9
-0.140, 7.090e-9
-0.139, 7.148e-9
-0.138, 7.291e-9
-0.137, 7.405e-9
-0.136, 7.478e-9
-0.135, 7.621e-9
-0.134, 7.717e-9
-0.133, 7.843e-9
-0.132, 7.962e-9
-0.131, 8.065e-9
-0.130, 8.201e-9
-0.129, 8.302e-9
-0.128, 8.405e-9
-0.127, 8.539e-9
-0.126, 8.616e-9
-0.125, 8.740e-9
-0.124, 8.872e-9
-0.123, 8.937e-9
-0.122, 9.077e-9
-0.121, 9.198e-9
-0.120, 9.292e-9
-0.119, 9.427e-9
-0.118, 9.528e-9
-0.117, 9.636e-9
-0.116, 9.774e-9
-0.115, 9.867e-9
-0.114, 1.000e-8
-0.113, 1.011e-8
-0.112, 1.022e-8
-0.111, 1.034e-8
-0.110, 1.043e-8
-0.109, 1.052e-8
-0.108, 1.065e-8
-0.107, 1.071e-8
-0.106, 1.086e-8
-0.105, 1.099e-8
-0.104, 1.107e-8
-0.103, 1.123e-8
-0.102, 1.138e-8
-0.101, 1.144e-8
-0.100, 1.157e-8
-0.099, 1.167e-8
-0.098, 1.181e-8
-0.097, 1.192e-8
-0.096, 1.201e-8
-0.095, 1.216e-8
-0.094, 1.226e-8
-0.093, 1.238e-8
-0.092, 1.252e-8
-0.091, 1.261e-8
-0.090, 1.274e-8
-0.089, 1.287e-8
-0.088, 1.296e-8
-0.087, 1.309e-8
-0.086, 1.322e-8
-0.085, 1.332e-8
-0.084, 1.346e-8
-0.083, 1.359e-8
-0.082, 1.370e-8
-0.081, 1.382e-8
-0.080, 1.394e-8
-0.079, 1.407e-8
-0.078, 1.418e-8
-0.077, 1.430e-8
-0.076, 1.446e-8
-0.075, 1.455e-8
-0.074, 1.468e-8
-0.073, 1.482e-8
-0.072, 1.491e-8
-0.071, 1.505e-8
-0.070, 1.519e-8
-0.069, 1.531e-8
-0.068, 1.546e-8
-0.067, 1.560e-8
-0.066, 1.570e-8
-0.065, 1.585e-8
-0.064, 1.598e-8
-0.063, 1.611e-8
-0.062, 1.622e-8
-0.061, 1.634e-8
-0.060, 1.650e-8
-0.059, 1.660e-8
-0.058, 1.673e-8
-0.057, 1.688e-8
-0.056, 1.697e-8
-0.055, 1.712e-8
-0.054, 1.725e-8
-0.053, 1.734e-8
-0.052, 1.749e-8
-0.051, 1.770e-8
-0.050, 1.776e-8
-0.049, 1.788e-8
-0.048, 1.801e-8
-0.047, 1.815e-8
-0.046, 1.828e-8
-0.045, 1.840e-8
-0.044, 1.855e-8
-0.043, 1.866e-8
-0.042, 1.879e-8
-0.041, 1.893e-8
-0.040, 1.903e-8
-0.039, 1.918e-8
-0.038, 1.931e-8
-0.037, 1.942e-8
-0.036, 1.956e-8
-0.035, 1.970e-8
-0.034, 1.983e-8
-0.033, 1.998e-8
-0.032, 2.011e-8
-0.031, 2.024e-8
-0.030, 2.036e-8
-0.029, 2.049e-8
-0.028, 2.066e-8
-0.027, 2.078e-8
-0.026, 2.091e-8
-0.025, 2.109e-8
-0.024, 2.120e-8
-0.023, 2.133e-8
-0.022, 2.149e-8
-0.021, 2.159e-8
-0.020, 2.175e-8
-0.019, 2.191e-8
-0.018, 2.202e-8
-0.017, 2.218e-8
-0.016, 2.234e-8
-0.015, 2.248e-8
-0.014, 2.264e-8
-0.013, 2.277e-8
-0.012, 2.291e-8
-0.011, 2.304e-8
-0.010, 2.318e-8
-0.009, 2.333e-8
-0.008, 2.343e-8
-0.007, 2.360e-8
-0.006, 2.375e-8
-0.005, 2.388e-8
-0.004, 2.403e-8
-0.003, 2.420e-8
-0.002, 2.432e-8
-0.001, 2.448e-8
