Hf-2(PCN-223)-O2 MAP 2.5 2.5

Labels	Ex1 360.00nm	Ex1 370.00nm	Ex1 380.00nm	Ex1 390.00nm	Ex1 400.00nm	Ex1 410.00nm	Ex1 420.00nm	Ex1 430.00nm	Ex1 440.00nm	Ex1 450.00nm	Ex1 460.00nm	Ex1 470.00nm	Ex1 480.00nm	Ex1 490.00nm	Ex1 500.00nm	Ex1 510.00nm	Ex1 520.00nm	Ex1 530.00nm	Ex1 540.00nm	Ex1 550.00nm	Ex1 560.00nm	Ex1 570.00nm	
600.00	7.45000000E+2	8.81000000E+2	8.24000000E+2	6.95000000E+2	7.29000000E+2	7.37000000E+2	7.78000000E+2	7.64000000E+2	7.44000000E+2	9.58000000E+2	1.17900000E+3	1.44500000E+3	1.24100000E+3	1.04200000E+3	8.63000000E+2	7.18000000E+2	8.23000000E+2	8.19000000E+2	7.26000000E+2	6.69000000E+2	7.14000000E+2	4.69000000E+2	
601.00	8.17000000E+2	8.23000000E+2	8.76000000E+2	8.07000000E+2	8.48000000E+2	8.19000000E+2	8.72000000E+2	9.01000000E+2	7.79000000E+2	1.02800000E+3	1.25700000E+3	1.59000000E+3	1.30500000E+3	1.13600000E+3	1.01100000E+3	8.14000000E+2	8.93000000E+2	9.54000000E+2	7.68000000E+2	7.54000000E+2	8.09000000E+2	4.79000000E+2	
602.00	9.48000000E+2	9.59000000E+2	9.27000000E+2	8.97000000E+2	9.13000000E+2	9.08000000E+2	9.04000000E+2	9.03000000E+2	8.82000000E+2	1.10000000E+3	1.39100000E+3	1.72300000E+3	1.44900000E+3	1.24600000E+3	1.10200000E+3	9.89000000E+2	9.97000000E+2	9.76000000E+2	8.45000000E+2	8.55000000E+2	8.73000000E+2	6.15000000E+2	
603.00	9.92000000E+2	1.11700000E+3	1.10400000E+3	9.58000000E+2	1.02800000E+3	9.72000000E+2	1.06100000E+3	1.10700000E+3	9.87000000E+2	1.29700000E+3	1.60300000E+3	1.81700000E+3	1.67200000E+3	1.32200000E+3	1.08900000E+3	1.05400000E+3	1.21200000E+3	1.15500000E+3	9.76000000E+2	8.46000000E+2	9.16000000E+2	6.18000000E+2	
604.00	1.13800000E+3	1.19600000E+3	1.16600000E+3	1.06000000E+3	1.13900000E+3	1.08000000E+3	1.11300000E+3	1.10500000E+3	1.11000000E+3	1.31100000E+3	1.76300000E+3	2.02300000E+3	1.81500000E+3	1.52600000E+3	1.30200000E+3	1.12000000E+3	1.21500000E+3	1.29600000E+3	1.04700000E+3	9.58000000E+2	1.01900000E+3	6.23000000E+2	
605.00	1.15700000E+3	1.28800000E+3	1.24600000E+3	1.17100000E+3	1.25300000E+3	1.40300000E+3	1.30100000E+3	1.26500000E+3	1.22200000E+3	1.52400000E+3	1.81200000E+3	2.17700000E+3	1.97600000E+3	1.70100000E+3	1.37000000E+3	1.23000000E+3	1.43400000E+3	1.34900000E+3	1.13300000E+3	1.06100000E+3	1.13400000E+3	6.02000000E+2	
606.00	1.27400000E+3	1.38400000E+3	1.36700000E+3	1.33800000E+3	1.32300000E+3	1.50700000E+3	1.43900000E+3	1.44700000E+3	1.29900000E+3	1.70700000E+3	2.03500000E+3	2.41400000E+3	2.21400000E+3	1.80000000E+3	1.52400000E+3	1.27100000E+3	1.58500000E+3	1.59400000E+3	1.31100000E+3	1.43000000E+3	1.19600000E+3	7.20000000E+2	
607.00	1.38000000E+3	1.53400000E+3	1.47600000E+3	1.49300000E+3	1.48200000E+3	1.63900000E+3	1.54900000E+3	1.62400000E+3	1.40800000E+3	1.78700000E+3	2.21000000E+3	2.61200000E+3	2.32500000E+3	1.93900000E+3	1.65000000E+3	1.58900000E+3	1.61500000E+3	1.73500000E+3	1.45900000E+3	1.65300000E+3	1.40000000E+3	7.68000000E+2	
608.00	1.58400000E+3	1.63700000E+3	1.67100000E+3	1.56600000E+3	1.53400000E+3	1.79600000E+3	1.72100000E+3	1.74300000E+3	1.56800000E+3	2.02200000E+3	2.55300000E+3	2.84000000E+3	2.61100000E+3	2.04900000E+3	1.85900000E+3	1.73200000E+3	1.63900000E+3	1.95300000E+3	1.58300000E+3	1.69500000E+3	1.42000000E+3	7.82000000E+2	
609.00	1.62300000E+3	1.78900000E+3	1.85900000E+3	1.78900000E+3	1.84600000E+3	1.84700000E+3	1.93400000E+3	1.91000000E+3	1.77000000E+3	2.16300000E+3	2.71300000E+3	3.05800000E+3	3.19900000E+3	2.36500000E+3	2.09500000E+3	1.87000000E+3	1.83900000E+3	2.09100000E+3	1.77900000E+3	1.74300000E+3	1.55000000E+3	8.37000000E+2	
610.00	1.83900000E+3	1.89700000E+3	2.00500000E+3	2.05100000E+3	2.06800000E+3	2.04500000E+3	2.10100000E+3	2.03500000E+3	1.87000000E+3	2.24800000E+3	2.99100000E+3	3.43000000E+3	3.24700000E+3	2.56500000E+3	2.28700000E+3	2.02100000E+3	2.06800000E+3	2.25200000E+3	1.84500000E+3	1.97000000E+3	1.71700000E+3	8.79000000E+2	
611.00	1.88900000E+3	2.22900000E+3	2.17500000E+3	2.09700000E+3	2.18300000E+3	2.21400000E+3	2.23600000E+3	2.22800000E+3	2.01500000E+3	2.44000000E+3	3.11400000E+3	3.59100000E+3	3.32600000E+3	2.68700000E+3	2.31700000E+3	2.21500000E+3	2.17900000E+3	2.36200000E+3	2.10200000E+3	1.92300000E+3	1.80100000E+3	9.21000000E+2	
612.00	2.10700000E+3	2.27300000E+3	2.32700000E+3	2.28900000E+3	2.51900000E+3	2.44600000E+3	2.38800000E+3	2.38800000E+3	2.25500000E+3	2.73500000E+3	3.32500000E+3	3.84600000E+3	3.55900000E+3	2.88100000E+3	2.52600000E+3	2.41900000E+3	2.38800000E+3	2.54300000E+3	2.09700000E+3	2.20200000E+3	1.88800000E+3	1.03700000E+3	
613.00	2.12900000E+3	2.42200000E+3	2.42000000E+3	2.36400000E+3	2.62300000E+3	2.58300000E+3	2.43500000E+3	2.56600000E+3	2.45000000E+3	3.00700000E+3	3.52500000E+3	4.14100000E+3	3.83600000E+3	3.12100000E+3	2.70700000E+3	2.41600000E+3	2.47100000E+3	2.63400000E+3	2.34600000E+3	2.20500000E+3	2.01600000E+3	1.07900000E+3	
614.00	2.24300000E+3	2.55000000E+3	2.51300000E+3	2.69100000E+3	2.68000000E+3	2.78600000E+3	2.49300000E+3	2.58400000E+3	2.54600000E+3	3.07300000E+3	3.69100000E+3	4.32600000E+3	3.94200000E+3	3.20700000E+3	3.07900000E+3	2.56900000E+3	2.46700000E+3	2.69700000E+3	2.44900000E+3	2.14300000E+3	1.98000000E+3	1.04100000E+3	
615.00	2.29900000E+3	2.59800000E+3	2.82000000E+3	2.82100000E+3	2.87500000E+3	2.91400000E+3	2.61100000E+3	2.62200000E+3	2.66800000E+3	3.22900000E+3	4.07600000E+3	4.41100000E+3	4.10400000E+3	3.39000000E+3	3.19400000E+3	2.83400000E+3	2.61500000E+3	2.90400000E+3	2.52800000E+3	2.25000000E+3	2.08800000E+3	1.05000000E+3	
616.00	2.46300000E+3	2.76400000E+3	2.87200000E+3	2.93700000E+3	3.22100000E+3	3.18600000E+3	2.73500000E+3	2.73200000E+3	2.88000000E+3	3.28500000E+3	3.98800000E+3	4.65400000E+3	4.22200000E+3	3.36900000E+3	3.47000000E+3	2.92300000E+3	2.73500000E+3	2.87700000E+3	2.50900000E+3	2.14600000E+3	2.14800000E+3	1.01700000E+3	
617.00	2.66600000E+3	2.80200000E+3	3.02700000E+3	3.17800000E+3	3.54900000E+3	3.40900000E+3	2.68000000E+3	2.86200000E+3	2.77900000E+3	3.58200000E+3	4.33900000E+3	4.88600000E+3	4.60300000E+3	3.53100000E+3	3.55700000E+3	3.14600000E+3	2.78700000E+3	2.89700000E+3	2.72200000E+3	2.32300000E+3	2.13000000E+3	1.08600000E+3	
618.00	2.59800000E+3	2.95400000E+3	3.07900000E+3	3.44300000E+3	3.80600000E+3	3.52100000E+3	2.81100000E+3	2.99200000E+3	3.06100000E+3	3.87100000E+3	4.44000000E+3	5.05400000E+3	4.79400000E+3	3.79100000E+3	3.95900000E+3	3.58800000E+3	2.89800000E+3	2.82400000E+3	2.62800000E+3	2.34200000E+3	1.78200000E+3	1.09800000E+3	
619.00	2.70300000E+3	3.14300000E+3	3.36200000E+3	3.75500000E+3	4.16600000E+3	3.70200000E+3	3.15800000E+3	3.04500000E+3	3.11000000E+3	4.16700000E+3	4.89000000E+3	5.34400000E+3	4.89700000E+3	3.92900000E+3	3.79600000E+3	3.72600000E+3	2.93300000E+3	2.83700000E+3	2.77800000E+3	2.33600000E+3	1.45800000E+3	1.09000000E+3	
620.00	2.80300000E+3	3.29100000E+3	3.70800000E+3	3.82300000E+3	4.52700000E+3	4.08700000E+3	3.27600000E+3	3.09800000E+3	3.51700000E+3	4.48800000E+3	5.13700000E+3	5.77800000E+3	5.17000000E+3	4.48800000E+3	3.71000000E+3	4.09500000E+3	3.16000000E+3	2.98800000E+3	2.92300000E+3	2.43300000E+3	1.24900000E+3	1.09300000E+3	
621.00	3.02700000E+3	3.53900000E+3	3.96600000E+3	4.34800000E+3	5.04000000E+3	4.53300000E+3	3.51900000E+3	3.81200000E+3	3.62200000E+3	4.88700000E+3	5.50300000E+3	5.97800000E+3	5.47500000E+3	4.63600000E+3	3.99300000E+3	4.36600000E+3	3.33400000E+3	3.06900000E+3	3.07200000E+3	2.62900000E+3	1.19600000E+3	1.15200000E+3	
622.00	3.15400000E+3	3.91700000E+3	4.31800000E+3	4.75200000E+3	5.82400000E+3	4.93100000E+3	3.53000000E+3	4.17700000E+3	3.98100000E+3	5.34800000E+3	6.06900000E+3	6.54700000E+3	6.06300000E+3	4.88000000E+3	4.69000000E+3	4.87800000E+3	3.63800000E+3	3.33800000E+3	3.31700000E+3	2.71800000E+3	1.11900000E+3	1.17500000E+3	
623.00	3.59100000E+3	4.22400000E+3	4.77200000E+3	5.30400000E+3	6.27600000E+3	5.61200000E+3	3.78800000E+3	4.29400000E+3	4.30800000E+3	5.82700000E+3	6.55400000E+3	7.14400000E+3	6.52600000E+3	5.32800000E+3	5.15900000E+3	5.55000000E+3	3.89000000E+3	3.42800000E+3	3.59800000E+3	2.91300000E+3	1.11900000E+3	1.25500000E+3	
624.00	3.71300000E+3	4.69700000E+3	5.22200000E+3	5.86800000E+3	7.30000000E+3	6.20500000E+3	4.17100000E+3	4.53700000E+3	4.65700000E+3	6.50100000E+3	7.21400000E+3	8.16700000E+3	7.22100000E+3	5.99400000E+3	5.95400000E+3	6.05500000E+3	4.33300000E+3	3.77600000E+3	3.95700000E+3	3.18300000E+3	1.19300000E+3	1.31500000E+3	
625.00	4.21900000E+3	5.17900000E+3	5.80600000E+3	6.66000000E+3	8.04800000E+3	6.88400000E+3	4.49800000E+3	4.77600000E+3	5.29300000E+3	7.10500000E+3	7.82800000E+3	8.84700000E+3	7.74500000E+3	6.69000000E+3	6.95300000E+3	7.00100000E+3	4.72900000E+3	3.98600000E+3	4.25600000E+3	3.43800000E+3	1.32700000E+3	1.36600000E+3	
626.00	4.60300000E+3	5.59600000E+3	6.57900000E+3	7.58600000E+3	9.15400000E+3	7.82000000E+3	5.02600000E+3	5.25700000E+3	5.64800000E+3	8.27200000E+3	8.88100000E+3	9.64800000E+3	8.58800000E+3	7.26700000E+3	7.59000000E+3	7.68200000E+3	5.33700000E+3	4.28800000E+3	4.65000000E+3	3.48700000E+3	1.53300000E+3	1.38700000E+3	
627.00	5.15400000E+3	6.36500000E+3	7.43300000E+3	8.42700000E+3	9.95500000E+3	9.15600000E+3	5.51400000E+3	5.69300000E+3	6.48100000E+3	9.17900000E+3	9.97000000E+3	1.11880000E+4	9.62000000E+3	8.03000000E+3	8.90700000E+3	8.63800000E+3	5.91900000E+3	4.88700000E+3	5.32900000E+3	3.90200000E+3	1.68100000E+3	1.33800000E+3	
628.00	5.70300000E+3	7.17200000E+3	8.72000000E+3	9.18900000E+3	1.13100000E+4	1.01510000E+4	6.51500000E+3	6.23300000E+3	7.12400000E+3	1.02080000E+4	1.11710000E+4	1.21650000E+4	1.07770000E+4	9.05100000E+3	1.01000000E+4	9.71100000E+3	6.72700000E+3	5.28400000E+3	5.68100000E+3	4.28700000E+3	1.94500000E+3	1.53400000E+3	
629.00	6.23300000E+3	7.71800000E+3	9.46700000E+3	1.05670000E+4	1.30320000E+4	1.12980000E+4	7.07600000E+3	6.93300000E+3	8.03000000E+3	1.14760000E+4	1.25050000E+4	1.36750000E+4	1.19920000E+4	1.03520000E+4	1.14210000E+4	1.11910000E+4	7.26700000E+3	5.86800000E+3	6.33300000E+3	4.76200000E+3	2.24400000E+3	1.67600000E+3	
630.00	7.09800000E+3	8.74600000E+3	1.06000000E+4	1.17880000E+4	1.45130000E+4	1.25890000E+4	7.89500000E+3	7.50400000E+3	8.95600000E+3	1.28350000E+4	1.37790000E+4	1.53690000E+4	1.32710000E+4	1.12440000E+4	1.26920000E+4	1.23440000E+4	7.98800000E+3	6.42500000E+3	7.05800000E+3	5.28000000E+3	2.50600000E+3	1.97900000E+3	
631.00	7.80500000E+3	9.71300000E+3	1.17260000E+4	1.31120000E+4	1.58920000E+4	1.37610000E+4	8.56100000E+3	8.07400000E+3	1.00760000E+4	1.43140000E+4	1.52250000E+4	1.68620000E+4	1.47230000E+4	1.25760000E+4	1.44120000E+4	1.39120000E+4	8.44700000E+3	7.19900000E+3	7.80500000E+3	5.94400000E+3	2.82000000E+3	1.99900000E+3	
632.00	8.71100000E+3	1.08910000E+4	1.29550000E+4	1.42980000E+4	1.80250000E+4	1.52680000E+4	9.29700000E+3	9.16900000E+3	1.07910000E+4	1.60490000E+4	1.67830000E+4	1.89180000E+4	1.64620000E+4	1.39340000E+4	1.37910000E+4	1.48510000E+4	8.90200000E+3	7.82300000E+3	8.66600000E+3	6.86200000E+3	3.18700000E+3	2.32800000E+3	
633.00	9.45400000E+3	1.18060000E+4	1.41500000E+4	1.59320000E+4	1.94440000E+4	1.68880000E+4	1.16090000E+4	9.94100000E+3	1.15440000E+4	1.74520000E+4	1.85800000E+4	2.03420000E+4	1.79260000E+4	1.51540000E+4	1.45410000E+4	1.61570000E+4	9.70700000E+3	8.56700000E+3	9.49500000E+3	7.46600000E+3	3.41500000E+3	2.45100000E+3	
634.00	1.00260000E+4	1.27100000E+4	1.53300000E+4	1.71750000E+4	2.06920000E+4	1.83070000E+4	1.23000000E+4	1.07080000E+4	1.25600000E+4	1.90750000E+4	2.04760000E+4	2.22160000E+4	1.93140000E+4	1.66250000E+4	1.59070000E+4	1.78260000E+4	1.03600000E+4	9.39700000E+3	1.03000000E+4	8.09500000E+3	3.85800000E+3	2.64100000E+3	
635.00	1.11790000E+4	1.39570000E+4	1.64390000E+4	1.85210000E+4	2.28290000E+4	1.96970000E+4	1.31710000E+4	1.14510000E+4	1.36590000E+4	2.06450000E+4	2.21580000E+4	2.39750000E+4	2.10420000E+4	1.77910000E+4	1.74910000E+4	1.76410000E+4	1.01740000E+4	1.01360000E+4	1.11710000E+4	8.97700000E+3	4.14000000E+3	2.94700000E+3	
636.00	1.18730000E+4	1.51520000E+4	1.74120000E+4	1.96950000E+4	2.39630000E+4	2.10630000E+4	1.36320000E+4	1.22200000E+4	1.44470000E+4	2.21590000E+4	2.36180000E+4	2.59160000E+4	2.23360000E+4	1.89690000E+4	1.90280000E+4	1.85450000E+4	1.09400000E+4	1.09340000E+4	1.19840000E+4	9.14400000E+3	4.41300000E+3	3.25000000E+3	
637.00	1.28080000E+4	1.57130000E+4	1.88180000E+4	2.08770000E+4	2.59470000E+4	2.20460000E+4	1.44400000E+4	1.30360000E+4	1.58620000E+4	2.37100000E+4	2.49970000E+4	2.80240000E+4	2.44390000E+4	2.00000000E+4	2.08740000E+4	2.04490000E+4	1.19220000E+4	1.17160000E+4	1.26920000E+4	9.90100000E+3	4.77700000E+3	3.45400000E+3	
638.00	1.33780000E+4	1.68550000E+4	1.98400000E+4	2.22410000E+4	2.71460000E+4	2.34910000E+4	1.52460000E+4	1.40710000E+4	1.66420000E+4	2.52820000E+4	2.71100000E+4	2.93780000E+4	2.54090000E+4	2.17710000E+4	2.24100000E+4	2.16250000E+4	1.30030000E+4	1.26090000E+4	1.34910000E+4	1.08440000E+4	4.97500000E+3	3.62900000E+3	
639.00	1.43560000E+4	1.75530000E+4	2.09780000E+4	2.35910000E+4	2.88400000E+4	2.51440000E+4	1.62150000E+4	1.45630000E+4	1.76190000E+4	2.70640000E+4	2.83580000E+4	3.08040000E+4	2.70930000E+4	2.28600000E+4	2.41010000E+4	2.34310000E+4	1.41030000E+4	1.29820000E+4	1.42970000E+4	1.13400000E+4	5.44700000E+3	3.79500000E+3	
640.00	1.50230000E+4	1.86670000E+4	2.22590000E+4	2.48740000E+4	3.07770000E+4	2.61520000E+4	1.69110000E+4	1.54430000E+4	1.86070000E+4	2.85830000E+4	3.00980000E+4	3.29950000E+4	2.86750000E+4	2.41370000E+4	2.56310000E+4	2.54500000E+4	1.53000000E+4	1.36610000E+4	1.51640000E+4	1.16830000E+4	5.91900000E+3	3.97900000E+3	
641.00	1.59520000E+4	1.95100000E+4	2.33970000E+4	2.62420000E+4	3.23880000E+4	2.76890000E+4	1.79840000E+4	1.62110000E+4	1.97130000E+4	3.02720000E+4	3.15730000E+4	3.52710000E+4	3.05120000E+4	2.53480000E+4	2.73570000E+4	2.69510000E+4	1.64210000E+4	1.48950000E+4	1.58240000E+4	1.27160000E+4	6.33500000E+3	4.19400000E+3	
642.00	1.70090000E+4	2.10830000E+4	2.47000000E+4	2.77840000E+4	3.40250000E+4	2.94770000E+4	1.91330000E+4	1.74240000E+4	2.11750000E+4	3.16350000E+4	3.34850000E+4	3.71530000E+4	3.20920000E+4	2.71330000E+4	2.90610000E+4	2.87240000E+4	1.74130000E+4	1.57090000E+4	1.69660000E+4	1.34840000E+4	6.83200000E+3	4.46700000E+3	
643.00	1.80940000E+4	2.24640000E+4	2.66540000E+4	2.93620000E+4	3.55510000E+4	3.10310000E+4	2.02080000E+4	1.86640000E+4	2.20890000E+4	3.39590000E+4	3.44330000E+4	3.93170000E+4	3.42570000E+4	2.91610000E+4	3.10760000E+4	3.03720000E+4	1.85010000E+4	1.66080000E+4	1.79880000E+4	1.40810000E+4	7.35700000E+3	4.85200000E+3	
644.00	1.93540000E+4	2.40990000E+4	2.80810000E+4	3.16220000E+4	3.85430000E+4	3.32230000E+4	2.15050000E+4	1.94640000E+4	2.36580000E+4	3.58380000E+4	3.70550000E+4	4.16010000E+4	3.63490000E+4	3.05180000E+4	3.31420000E+4	3.28750000E+4	2.16480000E+4	1.75850000E+4	1.91180000E+4	1.50750000E+4	8.20900000E+3	4.97900000E+3	
645.00	2.05090000E+4	2.53950000E+4	2.95510000E+4	3.38260000E+4	4.10000000E+4	3.47650000E+4	2.28990000E+4	2.08080000E+4	2.52070000E+4	3.80530000E+4	3.94030000E+4	4.43750000E+4	3.86150000E+4	3.26340000E+4	3.59120000E+4	3.52780000E+4	2.26030000E+4	1.89490000E+4	1.99710000E+4	1.62850000E+4	8.70700000E+3	5.49700000E+3	
646.00	2.20010000E+4	2.71130000E+4	3.16100000E+4	3.55460000E+4	4.36080000E+4	3.81540000E+4	2.41970000E+4	2.21370000E+4	2.69590000E+4	4.26580000E+4	4.20360000E+4	4.74010000E+4	4.10230000E+4	3.51190000E+4	3.86060000E+4	3.78930000E+4	2.45070000E+4	2.03960000E+4	2.19800000E+4	1.73570000E+4	9.38600000E+3	5.67200000E+3	
647.00	2.32680000E+4	2.89970000E+4	3.41700000E+4	3.82480000E+4	4.70520000E+4	4.04740000E+4	2.62240000E+4	2.38850000E+4	2.91490000E+4	4.61220000E+4	4.55230000E+4	5.09570000E+4	4.38340000E+4	3.77550000E+4	4.14560000E+4	4.08370000E+4	2.67440000E+4	2.16650000E+4	2.30500000E+4	1.78900000E+4	1.00370000E+4	6.04700000E+3	
648.00	2.51590000E+4	3.13080000E+4	3.60710000E+4	4.09680000E+4	4.99800000E+4	4.29990000E+4	2.80530000E+4	2.55550000E+4	3.11370000E+4	4.87850000E+4	4.86020000E+4	5.45700000E+4	4.81870000E+4	4.03250000E+4	4.45740000E+4	4.34230000E+4	2.84170000E+4	2.29800000E+4	2.49780000E+4	1.93370000E+4	1.07330000E+4	6.51300000E+3	
649.00	2.72920000E+4	3.32600000E+4	3.90860000E+4	4.41710000E+4	5.35900000E+4	4.64920000E+4	3.01980000E+4	2.72950000E+4	3.34680000E+4	5.14590000E+4	5.16800000E+4	5.83190000E+4	5.13970000E+4	4.34150000E+4	4.84170000E+4	4.70850000E+4	3.07430000E+4	2.50990000E+4	2.94500000E+4	2.06850000E+4	1.18470000E+4	7.20100000E+3	
650.00	2.89700000E+4	3.56970000E+4	4.18130000E+4	4.74000000E+4	5.72160000E+4	5.02470000E+4	3.24180000E+4	2.94680000E+4	3.55810000E+4	5.48260000E+4	5.56840000E+4	6.26530000E+4	5.46750000E+4	4.39170000E+4	5.19300000E+4	5.10670000E+4	3.28780000E+4	2.70220000E+4	3.06090000E+4	2.23520000E+4	1.32220000E+4	7.55500000E+3	
651.00	3.14040000E+4	3.84680000E+4	4.51020000E+4	5.03300000E+4	6.13040000E+4	5.29150000E+4	3.46540000E+4	3.13310000E+4	3.86420000E+4	5.89580000E+4	6.00820000E+4	6.71220000E+4	5.80140000E+4	4.70760000E+4	5.55640000E+4	5.40270000E+4	3.54550000E+4	2.82210000E+4	3.26800000E+4	2.38870000E+4	1.40920000E+4	8.10400000E+3	
652.00	3.33690000E+4	4.11160000E+4	4.77100000E+4	5.38160000E+4	6.48610000E+4	5.65630000E+4	3.64690000E+4	3.36520000E+4	4.09690000E+4	6.25890000E+4	6.40040000E+4	7.14450000E+4	6.30260000E+4	5.05060000E+4	5.91720000E+4	5.77900000E+4	3.77840000E+4	3.07770000E+4	3.45410000E+4	2.53360000E+4	1.49480000E+4	8.50100000E+3	
653.00	3.51600000E+4	4.37120000E+4	5.04490000E+4	5.67650000E+4	6.77290000E+4	6.02850000E+4	3.93080000E+4	3.58400000E+4	4.39260000E+4	6.67530000E+4	6.77490000E+4	7.59380000E+4	6.63060000E+4	5.42780000E+4	6.35550000E+4	6.19780000E+4	4.04240000E+4	3.28720000E+4	3.23170000E+4	2.74420000E+4	1.61940000E+4	9.13500000E+3	
654.00	3.73500000E+4	4.58870000E+4	5.30300000E+4	5.92340000E+4	7.18380000E+4	6.37630000E+4	4.14430000E+4	3.78100000E+4	4.59560000E+4	7.01990000E+4	7.20470000E+4	8.86460000E+4	7.06020000E+4	5.75470000E+4	6.76130000E+4	6.51650000E+4	4.31330000E+4	3.49780000E+4	3.50770000E+4	2.88740000E+4	1.74640000E+4	9.96300000E+3	
655.00	3.99220000E+4	4.84940000E+4	5.65430000E+4	6.23350000E+4	7.55150000E+4	6.67930000E+4	4.35960000E+4	4.04080000E+4	4.82820000E+4	7.44490000E+4	7.62110000E+4	8.99130000E+4	7.31910000E+4	6.04750000E+4	7.08730000E+4	6.83510000E+4	4.61350000E+4	3.67160000E+4	3.72400000E+4	3.03610000E+4	1.83770000E+4	1.02980000E+4	
656.00	4.14390000E+4	5.12970000E+4	5.89030000E+4	6.56680000E+4	7.85480000E+4	6.98500000E+4	4.55690000E+4	4.15130000E+4	5.10640000E+4	7.74270000E+4	7.98900000E+4	9.39550000E+4	7.72970000E+4	6.37030000E+4	7.40690000E+4	7.16010000E+4	4.76110000E+4	3.85350000E+4	3.93780000E+4	3.23500000E+4	1.81250000E+4	1.08100000E+4	
657.00	4.32970000E+4	5.30230000E+4	6.11680000E+4	6.76540000E+4	8.11850000E+4	7.23590000E+4	4.78270000E+4	4.36410000E+4	5.32250000E+4	8.04500000E+4	8.37740000E+4	9.61400000E+4	8.13070000E+4	6.46650000E+4	7.67000000E+4	7.41850000E+4	5.01890000E+4	4.06020000E+4	4.11560000E+4	3.54840000E+4	1.91190000E+4	1.13800000E+4	
658.00	4.48160000E+4	5.49140000E+4	6.25110000E+4	6.91520000E+4	8.25790000E+4	7.48080000E+4	4.92550000E+4	4.51730000E+4	5.45470000E+4	8.32950000E+4	8.60330000E+4	1.00223000E+5	8.37460000E+4	6.21940000E+4	7.96270000E+4	7.72660000E+4	5.21590000E+4	3.80220000E+4	4.30070000E+4	3.84140000E+4	2.05130000E+4	1.19520000E+4	
659.00	4.67340000E+4	5.68120000E+4	6.48820000E+4	7.07880000E+4	8.43570000E+4	7.63300000E+4	5.10860000E+4	4.67180000E+4	5.67670000E+4	8.53530000E+4	8.89790000E+4	1.03570000E+5	8.58430000E+4	6.32050000E+4	8.17160000E+4	7.94670000E+4	5.38410000E+4	3.86010000E+4	4.43870000E+4	3.86550000E+4	2.17060000E+4	1.22210000E+4	
660.00	4.72690000E+4	5.78770000E+4	6.62710000E+4	7.19080000E+4	8.51850000E+4	7.75270000E+4	5.20950000E+4	4.84180000E+4	5.78960000E+4	8.68730000E+4	9.06660000E+4	1.05268000E+5	8.79580000E+4	6.54560000E+4	8.34580000E+4	8.06620000E+4	5.56330000E+4	3.97730000E+4	4.58840000E+4	3.92230000E+4	2.28760000E+4	1.27450000E+4	
661.00	4.84460000E+4	5.86160000E+4	6.68000000E+4	7.35210000E+4	8.57370000E+4	7.85420000E+4	5.33010000E+4	4.87450000E+4	5.91370000E+4	8.84800000E+4	9.27970000E+4	1.06758000E+5	9.00430000E+4	6.70090000E+4	8.48580000E+4	7.89700000E+4	5.66610000E+4	4.17770000E+4	4.69470000E+4	3.98370000E+4	2.37700000E+4	1.29430000E+4	
662.00	4.93410000E+4	5.92020000E+4	6.79120000E+4	7.35340000E+4	8.57440000E+4	7.92940000E+4	5.44380000E+4	4.97460000E+4	6.03070000E+4	8.87960000E+4	9.31400000E+4	1.07370000E+5	9.09430000E+4	6.93830000E+4	8.53490000E+4	8.37930000E+4	5.75400000E+4	4.29390000E+4	4.72780000E+4	4.05030000E+4	2.39600000E+4	1.31690000E+4	
663.00	4.94650000E+4	5.96090000E+4	6.93120000E+4	7.33140000E+4	8.60120000E+4	7.90700000E+4	5.44530000E+4	4.99760000E+4	6.04060000E+4	8.99010000E+4	9.47800000E+4	1.08056000E+5	9.13920000E+4	6.96430000E+4	8.52990000E+4	8.44610000E+4	5.81090000E+4	4.41000000E+4	4.79640000E+4	4.09090000E+4	2.50860000E+4	1.34770000E+4	
664.00	5.00290000E+4	5.97360000E+4	6.92400000E+4	7.28590000E+4	8.52030000E+4	7.90880000E+4	5.51140000E+4	5.03250000E+4	6.07410000E+4	8.95800000E+4	9.41900000E+4	1.08036000E+5	9.12690000E+4	6.99770000E+4	8.49840000E+4	8.41410000E+4	5.89360000E+4	4.49310000E+4	4.78710000E+4	4.04510000E+4	2.56550000E+4	1.36340000E+4	
665.00	4.95710000E+4	5.95840000E+4	6.86360000E+4	7.30250000E+4	8.38600000E+4	7.85280000E+4	5.53010000E+4	5.04600000E+4	6.09390000E+4	8.66180000E+4	9.35570000E+4	1.12910000E+5	9.13060000E+4	7.02250000E+4	8.38570000E+4	8.31480000E+4	5.90840000E+4	4.54000000E+4	4.78800000E+4	4.08270000E+4	2.59010000E+4	1.39100000E+4	
666.00	4.94560000E+4	5.95990000E+4	6.75110000E+4	7.18200000E+4	8.30400000E+4	7.72850000E+4	5.47660000E+4	5.03160000E+4	5.96350000E+4	8.48330000E+4	9.34390000E+4	1.13449000E+5	9.01140000E+4	6.52330000E+4	8.31130000E+4	8.21870000E+4	5.91060000E+4	4.57430000E+4	4.80560000E+4	4.01930000E+4	2.61900000E+4	1.38720000E+4	
667.00	4.89270000E+4	5.94310000E+4	6.75490000E+4	7.06130000E+4	8.05550000E+4	7.58030000E+4	5.49620000E+4	5.06980000E+4	5.93130000E+4	8.29990000E+4	9.25990000E+4	1.10842000E+5	9.00060000E+4	6.01630000E+4	8.23230000E+4	8.13010000E+4	5.89190000E+4	4.64160000E+4	4.74120000E+4	3.81040000E+4	2.63680000E+4	1.38410000E+4	
668.00	4.91110000E+4	5.85820000E+4	6.67110000E+4	7.80310000E+4	7.91460000E+4	7.50920000E+4	5.50360000E+4	5.04360000E+4	5.88830000E+4	8.23830000E+4	9.19390000E+4	1.08579000E+5	8.96730000E+4	6.08820000E+4	8.09920000E+4	8.06070000E+4	5.82060000E+4	4.63820000E+4	4.79200000E+4	3.89060000E+4	2.64060000E+4	1.39200000E+4	
669.00	4.89610000E+4	5.82800000E+4	6.56820000E+4	8.51490000E+4	7.80310000E+4	7.33360000E+4	5.47830000E+4	4.72820000E+4	5.86330000E+4	8.24390000E+4	9.09460000E+4	1.06341000E+5	8.81630000E+4	6.19870000E+4	7.96710000E+4	7.86420000E+4	5.77520000E+4	4.65640000E+4	4.72810000E+4	3.94150000E+4	2.71330000E+4	1.40720000E+4	
670.00	4.83260000E+4	5.76340000E+4	6.50050000E+4	8.06190000E+4	7.63080000E+4	7.29840000E+4	5.44430000E+4	4.77880000E+4	5.82570000E+4	8.18520000E+4	8.98790000E+4	1.05183000E+5	8.75340000E+4	6.20600000E+4	7.88060000E+4	7.72690000E+4	5.76190000E+4	4.63890000E+4	4.68860000E+4	3.97400000E+4	2.74410000E+4	1.40740000E+4	
671.00	4.83750000E+4	5.72780000E+4	6.45990000E+4	7.73960000E+4	7.46030000E+4	7.12130000E+4	5.46470000E+4	4.82750000E+4	5.75880000E+4	8.03510000E+4	8.90360000E+4	1.04395000E+5	8.71630000E+4	6.25230000E+4	7.80560000E+4	7.63600000E+4	5.70160000E+4	4.74200000E+4	4.70460000E+4	3.93920000E+4	2.77180000E+4	1.42060000E+4	
672.00	4.89660000E+4	5.68820000E+4	6.40000000E+4	7.54230000E+4	7.42450000E+4	7.08760000E+4	5.45580000E+4	4.86830000E+4	5.70560000E+4	7.97280000E+4	8.86360000E+4	1.03046000E+5	8.64510000E+4	6.33730000E+4	7.68560000E+4	7.56120000E+4	5.78390000E+4	4.78000000E+4	4.66760000E+4	3.96830000E+4	2.80280000E+4	1.41960000E+4	
673.00	4.83260000E+4	5.74530000E+4	6.34240000E+4	7.30510000E+4	7.23160000E+4	6.97800000E+4	5.50890000E+4	4.85130000E+4	5.65910000E+4	7.96210000E+4	8.81610000E+4	1.01954000E+5	8.68150000E+4	6.34730000E+4	7.66300000E+4	7.44470000E+4	5.77350000E+4	4.79200000E+4	4.72200000E+4	4.02160000E+4	2.83590000E+4	1.43060000E+4	
674.00	4.93640000E+4	5.70300000E+4	6.35290000E+4	7.17230000E+4	7.22010000E+4	6.89810000E+4	5.59220000E+4	4.95440000E+4	5.69840000E+4	7.88680000E+4	8.76660000E+4	1.02601000E+5	8.83450000E+4	6.43820000E+4	7.56690000E+4	6.35140000E+4	5.83130000E+4	4.88830000E+4	4.73780000E+4	4.05330000E+4	2.91540000E+4	1.43080000E+4	
675.00	4.95290000E+4	5.76020000E+4	6.33170000E+4	7.09890000E+4	7.06580000E+4	6.81800000E+4	5.62720000E+4	5.02170000E+4	5.69160000E+4	7.96150000E+4	8.87370000E+4	1.02913000E+5	8.94180000E+4	6.51110000E+4	7.54560000E+4	5.95550000E+4	5.81940000E+4	5.00640000E+4	4.84890000E+4	4.11800000E+4	3.01200000E+4	1.46570000E+4	
676.00	5.03870000E+4	5.87480000E+4	6.39980000E+4	7.04750000E+4	7.03480000E+4	6.74680000E+4	5.73160000E+4	5.10900000E+4	5.73550000E+4	7.90440000E+4	8.89240000E+4	1.02708000E+5	9.03660000E+4	6.65900000E+4	7.58000000E+4	6.03790000E+4	5.77300000E+4	5.14620000E+4	4.89050000E+4	4.16650000E+4	3.08480000E+4	1.51630000E+4	
677.00	5.12490000E+4	5.93430000E+4	6.48970000E+4	6.99710000E+4	7.02350000E+4	6.82190000E+4	5.81500000E+4	5.19070000E+4	5.77020000E+4	7.95330000E+4	8.99170000E+4	1.03908000E+5	9.12300000E+4	6.78200000E+4	7.61980000E+4	6.18350000E+4	5.75690000E+4	5.28660000E+4	5.00750000E+4	4.24460000E+4	3.23220000E+4	1.56690000E+4	
678.00	5.18790000E+4	6.02760000E+4	6.53400000E+4	7.03980000E+4	7.00630000E+4	7.22050000E+4	6.48500000E+4	5.36770000E+4	5.91330000E+4	8.02490000E+4	9.27300000E+4	1.04893000E+5	9.23370000E+4	6.98760000E+4	7.63900000E+4	6.40860000E+4	5.95080000E+4	5.49600000E+4	5.14790000E+4	4.33760000E+4	3.29350000E+4	1.59090000E+4	
679.00	5.39040000E+4	6.26290000E+4	6.61930000E+4	7.04340000E+4	6.94110000E+4	7.18270000E+4	6.51910000E+4	5.51270000E+4	5.94780000E+4	8.10080000E+4	9.39070000E+4	1.07291000E+5	9.40580000E+4	7.14750000E+4	7.74960000E+4	6.50100000E+4	6.16480000E+4	5.71130000E+4	5.19230000E+4	4.49890000E+4	3.40580000E+4	1.66670000E+4	
680.00	5.52490000E+4	6.34690000E+4	6.77890000E+4	7.08940000E+4	6.99600000E+4	7.14140000E+4	6.59750000E+4	5.69350000E+4	6.12100000E+4	8.25370000E+4	9.54820000E+4	1.09549000E+5	9.68860000E+4	7.35990000E+4	7.82430000E+4	6.73510000E+4	6.36340000E+4	5.82840000E+4	5.39860000E+4	4.60330000E+4	3.58870000E+4	1.72330000E+4	
681.00	5.72860000E+4	6.49160000E+4	6.85510000E+4	7.15140000E+4	7.01560000E+4	7.11790000E+4	6.75440000E+4	5.84330000E+4	6.18870000E+4	8.40370000E+4	9.72720000E+4	1.11705000E+5	9.76940000E+4	7.57230000E+4	7.97440000E+4	6.88710000E+4	6.52680000E+4	6.06460000E+4	5.39870000E+4	4.75560000E+4	3.74120000E+4	1.75030000E+4	
682.00	5.86740000E+4	6.68660000E+4	7.09930000E+4	7.18750000E+4	7.07500000E+4	7.21260000E+4	6.91890000E+4	6.11300000E+4	6.36680000E+4	8.49560000E+4	9.98340000E+4	1.14009000E+5	1.01293000E+5	7.81210000E+4	8.07680000E+4	7.04080000E+4	6.74100000E+4	6.24320000E+4	5.58280000E+4	4.89700000E+4	3.84220000E+4	1.79870000E+4	
683.00	6.05420000E+4	6.85780000E+4	7.18510000E+4	7.31590000E+4	7.12610000E+4	7.19540000E+4	7.03000000E+4	6.28740000E+4	6.49230000E+4	8.61570000E+4	1.02052000E+5	1.16617000E+5	1.03207000E+5	8.05760000E+4	8.21350000E+4	7.28000000E+4	7.00260000E+4	6.49470000E+4	5.77230000E+4	5.02860000E+4	4.04510000E+4	1.88980000E+4	
684.00	6.19760000E+4	7.04380000E+4	7.33620000E+4	7.40130000E+4	7.17610000E+4	7.23080000E+4	7.15570000E+4	6.43750000E+4	6.61060000E+4	8.76890000E+4	1.03838000E+5	1.18689000E+5	1.05312000E+5	8.26570000E+4	8.30670000E+4	7.42320000E+4	7.22510000E+4	6.66160000E+4	5.97930000E+4	5.22590000E+4	4.17630000E+4	1.96780000E+4	
685.00	6.30400000E+4	7.40420000E+4	7.49810000E+4	7.47760000E+4	7.25260000E+4	7.27930000E+4	7.39020000E+4	6.65600000E+4	6.80400000E+4	8.98540000E+4	1.05619000E+5	1.21812000E+5	1.08403000E+5	8.46750000E+4	8.53900000E+4	7.52160000E+4	7.24570000E+4	6.85790000E+4	6.13240000E+4	5.27250000E+4	4.31730000E+4	2.01690000E+4	
686.00	6.33160000E+4	7.60590000E+4	7.58200000E+4	7.52530000E+4	7.36010000E+4	7.34590000E+4	7.57600000E+4	6.80340000E+4	6.94140000E+4	9.03100000E+4	1.07609000E+5	1.23156000E+5	1.10979000E+5	8.66550000E+4	8.65900000E+4	7.77290000E+4	7.79550000E+4	7.03200000E+4	6.27420000E+4	5.42600000E+4	4.46300000E+4	2.09930000E+4	
687.00	6.50590000E+4	7.67210000E+4	7.67180000E+4	7.53670000E+4	7.31960000E+4	7.34250000E+4	7.69510000E+4	6.96050000E+4	7.01300000E+4	9.18830000E+4	1.09705000E+5	1.24823000E+5	1.12275000E+5	8.82600000E+4	8.73060000E+4	7.83060000E+4	7.93890000E+4	7.22450000E+4	6.45120000E+4	5.52910000E+4	4.60350000E+4	2.16050000E+4	
688.00	6.56760000E+4	7.80580000E+4	7.85120000E+4	7.72940000E+4	7.41170000E+4	7.39980000E+4	7.76780000E+4	7.13140000E+4	7.10100000E+4	9.27430000E+4	1.11197000E+5	1.27322000E+5	1.14892000E+5	9.03960000E+4	8.85460000E+4	7.96760000E+4	8.05780000E+4	7.44200000E+4	6.57550000E+4	5.59680000E+4	4.67010000E+4	2.17760000E+4	
689.00	6.71870000E+4	7.84660000E+4	7.92170000E+4	7.68450000E+4	7.38260000E+4	7.41400000E+4	7.92820000E+4	7.26490000E+4	7.16690000E+4	9.35350000E+4	1.11603000E+5	1.28204000E+5	1.15758000E+5	9.16310000E+4	8.96060000E+4	8.08870000E+4	8.77390000E+4	7.53400000E+4	6.67230000E+4	5.73930000E+4	4.84010000E+4	2.23870000E+4	
690.00	6.72930000E+4	7.85310000E+4	7.94600000E+4	7.72670000E+4	7.37180000E+4	7.73910000E+4	7.89830000E+4	7.31290000E+4	7.26850000E+4	9.37130000E+4	1.11975000E+5	1.29268000E+5	1.16367000E+5	8.83230000E+4	8.92460000E+4	8.73060000E+4	8.74540000E+4	7.58200000E+4	6.79240000E+4	5.79930000E+4	4.93540000E+4	2.28470000E+4	
691.00	6.76380000E+4	7.96990000E+4	7.92330000E+4	7.67710000E+4	7.30690000E+4	7.80290000E+4	7.97420000E+4	7.35170000E+4	7.29760000E+4	9.40390000E+4	1.13034000E+5	1.29242000E+5	1.16700000E+5	9.62670000E+4	8.95400000E+4	8.59200000E+4	8.68090000E+4	7.69340000E+4	6.84330000E+4	5.85940000E+4	4.94880000E+4	2.32530000E+4	
692.00	6.75380000E+4	7.94350000E+4	8.17400000E+4	7.57230000E+4	7.27060000E+4	7.65520000E+4	7.96180000E+4	7.34300000E+4	7.23920000E+4	9.39000000E+4	1.13158000E+5	1.29920000E+5	1.15265000E+5	9.44720000E+4	8.96950000E+4	8.50670000E+4	8.65040000E+4	7.68060000E+4	6.84630000E+4	5.81020000E+4	5.05160000E+4	2.36630000E+4	
693.00	6.73940000E+4	7.86940000E+4	9.11310000E+4	7.57070000E+4	7.25160000E+4	7.46740000E+4	7.86010000E+4	7.39530000E+4	7.26880000E+4	9.38890000E+4	1.12807000E+5	1.29542000E+5	1.10746000E+5	9.33010000E+4	8.86790000E+4	8.45790000E+4	8.48450000E+4	7.71420000E+4	6.84690000E+4	5.83630000E+4	5.05720000E+4	2.33760000E+4	
694.00	6.73330000E+4	7.78920000E+4	8.74740000E+4	7.38730000E+4	7.09420000E+4	7.41900000E+4	7.82520000E+4	7.38520000E+4	7.14690000E+4	9.28540000E+4	1.10715000E+5	1.27715000E+5	1.10876000E+5	9.31210000E+4	8.77270000E+4	8.37640000E+4	8.23770000E+4	7.64270000E+4	6.78730000E+4	5.75320000E+4	5.23070000E+4	2.33850000E+4	
695.00	6.63200000E+4	7.75600000E+4	8.50050000E+4	7.37320000E+4	6.92510000E+4	7.23960000E+4	7.69660000E+4	7.29640000E+4	7.13120000E+4	9.16790000E+4	1.09431000E+5	1.26149000E+5	1.09638000E+5	9.20990000E+4	8.65170000E+4	8.24180000E+4	8.19620000E+4	7.62960000E+4	6.70650000E+4	5.67040000E+4	5.10260000E+4	2.37790000E+4	
696.00	6.57870000E+4	7.50350000E+4	8.25680000E+4	7.22430000E+4	6.85400000E+4	7.17360000E+4	7.53160000E+4	7.15770000E+4	7.00600000E+4	9.05760000E+4	1.08177000E+5	1.24347000E+5	1.08878000E+5	9.13110000E+4	8.48590000E+4	8.02410000E+4	7.98070000E+4	7.42150000E+4	6.62740000E+4	5.63570000E+4	5.07870000E+4	2.84840000E+4	
697.00	6.45080000E+4	7.41010000E+4	8.05800000E+4	6.98460000E+4	6.72810000E+4	6.97430000E+4	7.44830000E+4	7.02390000E+4	6.90430000E+4	8.77180000E+4	1.05554000E+5	1.20650000E+5	1.06960000E+5	8.85490000E+4	8.34060000E+4	7.88900000E+4	7.87120000E+4	7.25740000E+4	6.54130000E+4	5.56330000E+4	4.96850000E+4	2.70490000E+4	
698.00	6.24210000E+4	7.20740000E+4	7.79500000E+4	6.88880000E+4	6.55030000E+4	6.73150000E+4	7.24250000E+4	6.91340000E+4	6.81190000E+4	8.63850000E+4	1.03140000E+5	1.18423000E+5	1.04427000E+5	8.71220000E+4	8.16370000E+4	7.71140000E+4	7.65930000E+4	7.13400000E+4	6.45930000E+4	5.41810000E+4	4.80890000E+4	2.61050000E+4	
699.00	6.15420000E+4	7.01270000E+4	7.55550000E+4	6.65710000E+4	6.42630000E+4	6.57500000E+4	7.06240000E+4	6.72950000E+4	6.60010000E+4	8.59020000E+4	1.00339000E+5	1.15536000E+5	1.02098000E+5	8.55150000E+4	7.88190000E+4	7.52610000E+4	7.41640000E+4	6.94710000E+4	6.25970000E+4	5.26710000E+4	4.71900000E+4	2.51300000E+4	
700.00	5.98130000E+4	6.82030000E+4	7.27450000E+4	6.51380000E+4	6.22640000E+4	6.44000000E+4	6.84760000E+4	6.54920000E+4	6.48220000E+4	8.86420000E+4	9.70240000E+4	1.12369000E+5	9.89680000E+4	8.28300000E+4	7.76330000E+4	7.31940000E+4	7.20470000E+4	6.77120000E+4	6.11500000E+4	5.08210000E+4	4.62800000E+4	2.45240000E+4	
701.00	5.75730000E+4	6.69860000E+4	7.08180000E+4	6.32040000E+4	6.08920000E+4	6.22030000E+4	6.65920000E+4	6.37540000E+4	6.23020000E+4	8.46140000E+4	9.42880000E+4	1.08312000E+5	9.66940000E+4	8.05120000E+4	7.53560000E+4	7.11720000E+4	6.97040000E+4	6.57910000E+4	5.94020000E+4	4.85340000E+4	4.51770000E+4	2.35960000E+4	
702.00	5.61210000E+4	6.41100000E+4	6.77710000E+4	6.06270000E+4	5.89470000E+4	6.01110000E+4	6.49120000E+4	6.14820000E+4	6.11150000E+4	8.11000000E+4	9.26910000E+4	1.05335000E+5	9.32700000E+4	7.76900000E+4	7.27770000E+4	6.90090000E+4	6.76120000E+4	6.37730000E+4	5.73140000E+4	4.73420000E+4	4.34280000E+4	2.27960000E+4	
703.00	5.44700000E+4	6.21690000E+4	6.59700000E+4	5.85640000E+4	5.74500000E+4	5.84390000E+4	6.25770000E+4	5.99110000E+4	5.91010000E+4	7.71710000E+4	8.84980000E+4	1.01301000E+5	8.98160000E+4	7.54880000E+4	7.02720000E+4	6.70690000E+4	6.49670000E+4	6.15240000E+4	5.54210000E+4	4.54480000E+4	4.19590000E+4	2.13070000E+4	
704.00	5.23210000E+4	5.98450000E+4	6.36040000E+4	5.73050000E+4	5.53300000E+4	5.65250000E+4	6.05010000E+4	5.78910000E+4	5.70230000E+4	7.49490000E+4	7.96650000E+4	9.76970000E+4	8.70990000E+4	7.32920000E+4	6.79530000E+4	6.47490000E+4	6.24440000E+4	5.91180000E+4	5.35520000E+4	4.42510000E+4	4.05880000E+4	2.19970000E+4	
705.00	5.22400000E+4	5.81030000E+4	6.13480000E+4	5.47940000E+4	5.37710000E+4	5.47330000E+4	5.79640000E+4	5.57800000E+4	5.48450000E+4	7.25640000E+4	7.86830000E+4	9.43290000E+4	8.41730000E+4	7.10070000E+4	6.60690000E+4	6.23570000E+4	6.04120000E+4	5.74510000E+4	5.16140000E+4	4.28880000E+4	3.88140000E+4	2.14350000E+4	
706.00	5.12260000E+4	5.54340000E+4	5.98870000E+4	5.31830000E+4	5.22280000E+4	5.23470000E+4	5.57480000E+4	5.40560000E+4	5.28070000E+4	6.97030000E+4	7.59930000E+4	9.12870000E+4	8.10090000E+4	6.79930000E+4	6.32320000E+4	6.01980000E+4	5.88220000E+4	5.49900000E+4	4.96340000E+4	4.10610000E+4	3.69440000E+4	2.06720000E+4	
707.00	5.15880000E+4	5.37330000E+4	5.75010000E+4	5.15210000E+4	5.07090000E+4	5.08940000E+4	5.37770000E+4	5.17500000E+4	5.13180000E+4	6.73390000E+4	7.35310000E+4	8.76190000E+4	7.78780000E+4	6.54840000E+4	6.11140000E+4	5.80590000E+4	5.64150000E+4	5.26190000E+4	4.82930000E+4	4.01450000E+4	3.63810000E+4	1.98130000E+4	
708.00	4.89970000E+4	5.13880000E+4	5.47400000E+4	4.97510000E+4	4.74650000E+4	4.95910000E+4	5.16480000E+4	4.96490000E+4	4.96830000E+4	6.47470000E+4	7.07340000E+4	8.43080000E+4	7.54190000E+4	6.35170000E+4	5.95700000E+4	5.65620000E+4	5.40010000E+4	5.09700000E+4	4.59390000E+4	3.86170000E+4	3.49490000E+4	1.93930000E+4	
709.00	4.68100000E+4	5.00120000E+4	5.34150000E+4	4.74150000E+4	4.57450000E+4	4.65000000E+4	4.99360000E+4	4.81560000E+4	4.84530000E+4	6.25340000E+4	6.87670000E+4	8.13700000E+4	7.27930000E+4	6.11850000E+4	5.79000000E+4	5.47830000E+4	5.19160000E+4	4.88980000E+4	4.45540000E+4	3.66690000E+4	3.41460000E+4	1.90600000E+4	
710.00	4.52500000E+4	4.81270000E+4	5.14460000E+4	4.69060000E+4	4.53530000E+4	4.50340000E+4	4.86420000E+4	4.67790000E+4	4.63290000E+4	5.99100000E+4	6.63720000E+4	7.82730000E+4	6.97990000E+4	5.90250000E+4	5.50310000E+4	5.23670000E+4	4.99880000E+4	4.73830000E+4	4.27470000E+4	3.55540000E+4	3.24430000E+4	1.87220000E+4	
711.00	4.31970000E+4	4.65140000E+4	4.94560000E+4	4.47020000E+4	4.33170000E+4	4.43530000E+4	4.64550000E+4	4.50650000E+4	4.50150000E+4	5.83520000E+4	6.45170000E+4	7.58760000E+4	6.70630000E+4	5.71580000E+4	5.36170000E+4	5.06000000E+4	4.82140000E+4	4.48610000E+4	4.12800000E+4	3.47040000E+4	3.13880000E+4	1.81700000E+4	
712.00	4.10680000E+4	4.48060000E+4	4.76520000E+4	4.37430000E+4	4.24870000E+4	4.29360000E+4	4.49330000E+4	4.35010000E+4	4.37430000E+4	5.60590000E+4	6.22480000E+4	7.31590000E+4	6.48430000E+4	5.47680000E+4	5.15670000E+4	4.91960000E+4	4.64830000E+4	4.37200000E+4	3.90690000E+4	3.28740000E+4	3.02390000E+4	1.77050000E+4	
713.00	3.98370000E+4	4.34650000E+4	4.66860000E+4	4.21520000E+4	4.20320000E+4	4.13780000E+4	4.35150000E+4	4.13440000E+4	4.23180000E+4	5.44610000E+4	6.06590000E+4	7.08080000E+4	6.28950000E+4	5.33720000E+4	5.01310000E+4	4.73780000E+4	4.47000000E+4	4.19000000E+4	3.72480000E+4	3.18010000E+4	2.95740000E+4	1.85910000E+4	
714.00	3.84880000E+4	4.18420000E+4	4.77280000E+4	4.11380000E+4	4.06280000E+4	4.01750000E+4	4.18830000E+4	4.04350000E+4	4.04290000E+4	5.28750000E+4	5.87340000E+4	6.82220000E+4	6.05580000E+4	5.19480000E+4	4.92620000E+4	4.63080000E+4	4.34310000E+4	3.98430000E+4	3.12240000E+4	3.07560000E+4	2.84810000E+4	1.79070000E+4	
715.00	3.67880000E+4	4.06900000E+4	4.60260000E+4	3.99330000E+4	3.87620000E+4	3.97810000E+4	4.06280000E+4	3.87810000E+4	3.95550000E+4	5.09860000E+4	5.67820000E+4	6.64780000E+4	5.87640000E+4	5.01490000E+4	4.73620000E+4	4.52020000E+4	4.17230000E+4	3.83540000E+4	2.50700000E+4	2.98780000E+4	3.04130000E+4	1.72870000E+4	
716.00	3.54560000E+4	3.90550000E+4	4.34230000E+4	3.86990000E+4	3.83120000E+4	3.85760000E+4	3.95340000E+4	3.73940000E+4	3.85430000E+4	4.90890000E+4	5.49820000E+4	6.36920000E+4	5.72020000E+4	4.84990000E+4	4.60250000E+4	4.32490000E+4	4.04830000E+4	3.76520000E+4	2.35780000E+4	2.94980000E+4	2.84280000E+4	1.68500000E+4	
717.00	3.46210000E+4	3.79560000E+4	4.23160000E+4	3.78570000E+4	3.83370000E+4	3.75400000E+4	3.84970000E+4	3.61970000E+4	3.73860000E+4	4.85790000E+4	5.37230000E+4	6.13990000E+4	5.50360000E+4	4.71190000E+4	4.41290000E+4	4.26930000E+4	3.90700000E+4	3.59580000E+4	2.28830000E+4	2.93890000E+4	2.68050000E+4	1.67420000E+4	
718.00	3.38470000E+4	3.67810000E+4	4.03090000E+4	3.67140000E+4	3.71770000E+4	3.67110000E+4	3.69280000E+4	3.54410000E+4	3.63400000E+4	4.69360000E+4	5.27270000E+4	5.93420000E+4	5.28160000E+4	4.48420000E+4	4.34230000E+4	4.10300000E+4	3.81660000E+4	3.47560000E+4	2.24870000E+4	2.83760000E+4	2.56600000E+4	1.81690000E+4	
719.00	3.26550000E+4	3.53090000E+4	3.96910000E+4	3.57870000E+4	3.64330000E+4	3.61960000E+4	3.60180000E+4	3.42900000E+4	3.56370000E+4	4.59280000E+4	5.05100000E+4	5.25980000E+4	5.00980000E+4	4.38520000E+4	4.25040000E+4	4.02780000E+4	3.67550000E+4	3.37040000E+4	2.22150000E+4	2.77840000E+4	2.46810000E+4	1.91330000E+4	
720.00	3.13630000E+4	3.19280000E+4	3.94110000E+4	3.49160000E+4	3.58070000E+4	3.51110000E+4	3.47030000E+4	3.29470000E+4	3.42420000E+4	4.41830000E+4	4.91210000E+4	5.22200000E+4	4.93830000E+4	4.27790000E+4	4.10860000E+4	3.94260000E+4	3.57500000E+4	3.25070000E+4	2.17460000E+4	2.69640000E+4	2.40830000E+4	1.83210000E+4	
721.00	3.04570000E+4	3.10370000E+4	3.77240000E+4	3.40520000E+4	3.68780000E+4	3.42740000E+4	3.37530000E+4	3.20200000E+4	3.32490000E+4	4.35490000E+4	4.75500000E+4	5.10970000E+4	4.81490000E+4	4.14370000E+4	4.02560000E+4	3.81490000E+4	3.41820000E+4	3.16660000E+4	2.17520000E+4	2.56050000E+4	2.31440000E+4	1.74230000E+4	
722.00	2.93490000E+4	3.08580000E+4	3.66800000E+4	3.36050000E+4	3.71640000E+4	3.39580000E+4	3.23950000E+4	3.07720000E+4	3.23840000E+4	4.19640000E+4	4.75100000E+4	5.07180000E+4	4.69380000E+4	4.05150000E+4	3.92680000E+4	3.75010000E+4	3.50540000E+4	3.05250000E+4	2.10610000E+4	2.10430000E+4	2.23400000E+4	1.68410000E+4	
723.00	2.86950000E+4	2.97050000E+4	3.54220000E+4	3.27790000E+4	3.58890000E+4	3.30530000E+4	3.18620000E+4	3.02740000E+4	3.16010000E+4	4.10680000E+4	4.52810000E+4	4.96070000E+4	4.59000000E+4	3.91090000E+4	3.81980000E+4	3.71410000E+4	3.39310000E+4	2.93350000E+4	2.12550000E+4	2.06730000E+4	2.16350000E+4	1.61250000E+4	
724.00	2.79020000E+4	2.92330000E+4	3.49440000E+4	3.20260000E+4	3.49510000E+4	3.22750000E+4	3.05240000E+4	2.76920000E+4	3.11640000E+4	4.01160000E+4	4.44880000E+4	4.83660000E+4	4.45490000E+4	3.82750000E+4	3.77800000E+4	3.55070000E+4	3.24760000E+4	2.82470000E+4	2.09890000E+4	2.06220000E+4	1.77880000E+4	1.56440000E+4	
725.00	2.73260000E+4	2.83770000E+4	3.37410000E+4	3.14060000E+4	3.42620000E+4	3.19910000E+4	3.06510000E+4	2.74610000E+4	3.03180000E+4	4.03680000E+4	4.36630000E+4	4.73470000E+4	4.39760000E+4	3.79110000E+4	3.69550000E+4	3.51390000E+4	3.17170000E+4	2.78990000E+4	2.07760000E+4	2.04520000E+4	1.63970000E+4	1.55250000E+4	
726.00	2.63420000E+4	2.78640000E+4	3.30550000E+4	3.10540000E+4	3.33480000E+4	3.14660000E+4	2.94300000E+4	2.72210000E+4	2.93990000E+4	3.98620000E+4	4.26560000E+4	4.71680000E+4	4.27620000E+4	3.71010000E+4	3.56810000E+4	3.44120000E+4	3.07870000E+4	2.74400000E+4	2.06080000E+4	2.02460000E+4	1.65460000E+4	1.45620000E+4	
727.00	2.58880000E+4	2.70110000E+4	3.25460000E+4	3.03530000E+4	3.27990000E+4	3.08950000E+4	2.93040000E+4	2.67960000E+4	2.89140000E+4	3.85800000E+4	4.17280000E+4	4.59010000E+4	4.18000000E+4	3.58640000E+4	3.54370000E+4	3.34690000E+4	2.99710000E+4	2.65540000E+4	2.03460000E+4	2.00220000E+4	1.65720000E+4	1.42050000E+4	
728.00	2.55560000E+4	2.65320000E+4	3.15310000E+4	3.00890000E+4	3.23900000E+4	3.04230000E+4	2.82690000E+4	2.62360000E+4	2.82000000E+4	3.77390000E+4	4.09690000E+4	4.49130000E+4	4.06870000E+4	3.50700000E+4	3.46630000E+4	3.29930000E+4	2.94180000E+4	2.56800000E+4	2.02180000E+4	1.97390000E+4	1.65330000E+4	1.35880000E+4	
729.00	2.46660000E+4	2.56980000E+4	3.07930000E+4	2.91310000E+4	3.19540000E+4	2.95640000E+4	2.76270000E+4	2.56640000E+4	2.75640000E+4	3.70750000E+4	4.03580000E+4	4.44130000E+4	3.96790000E+4	3.47330000E+4	3.40150000E+4	3.24040000E+4	2.86990000E+4	2.49560000E+4	1.96980000E+4	1.93650000E+4	1.59910000E+4	1.33950000E+4	
730.00	2.44240000E+4	2.51090000E+4	3.05530000E+4	2.87480000E+4	3.13170000E+4	2.92280000E+4	2.70490000E+4	2.51010000E+4	2.75880000E+4	3.65600000E+4	3.96870000E+4	4.29420000E+4	3.93520000E+4	3.33840000E+4	3.30880000E+4	3.18590000E+4	2.80570000E+4	2.47360000E+4	1.99400000E+4	1.89290000E+4	1.61300000E+4	1.31350000E+4	
731.00	2.41240000E+4	2.49660000E+4	2.98330000E+4	2.85010000E+4	3.03880000E+4	2.79110000E+4	2.68490000E+4	2.47740000E+4	2.72270000E+4	3.58760000E+4	3.87980000E+4	4.25320000E+4	3.85800000E+4	3.30370000E+4	3.24360000E+4	3.15580000E+4	2.78200000E+4	2.41230000E+4	1.94300000E+4	1.88870000E+4	1.56950000E+4	1.29650000E+4	
732.00	2.33850000E+4	2.45720000E+4	2.90420000E+4	2.74110000E+4	2.89820000E+4	2.74240000E+4	2.63190000E+4	2.40750000E+4	2.61730000E+4	3.50360000E+4	3.82010000E+4	4.05440000E+4	3.78570000E+4	3.23640000E+4	3.21310000E+4	3.09220000E+4	2.69960000E+4	2.35660000E+4	1.92520000E+4	1.86710000E+4	1.60050000E+4	1.24110000E+4	
733.00	2.19560000E+4	2.42440000E+4	2.90180000E+4	2.73540000E+4	2.83890000E+4	2.73610000E+4	2.55370000E+4	2.38330000E+4	2.58110000E+4	3.44290000E+4	3.72200000E+4	3.96690000E+4	3.70670000E+4	3.19220000E+4	3.14180000E+4	3.02240000E+4	2.65950000E+4	2.30230000E+4	1.88710000E+4	1.84220000E+4	1.58670000E+4	1.23470000E+4	
734.00	2.03000000E+4	2.43070000E+4	2.81360000E+4	2.70670000E+4	2.77650000E+4	2.67800000E+4	2.50640000E+4	2.35900000E+4	2.57980000E+4	3.43430000E+4	3.62770000E+4	3.88200000E+4	3.66610000E+4	3.16030000E+4	3.04100000E+4	2.94040000E+4	2.63620000E+4	2.26790000E+4	1.86820000E+4	1.82560000E+4	1.55750000E+4	1.19570000E+4	
735.00	2.02950000E+4	2.36150000E+4	2.77190000E+4	2.65080000E+4	2.78970000E+4	2.61900000E+4	2.47930000E+4	2.30600000E+4	2.53340000E+4	3.33500000E+4	3.62330000E+4	3.87670000E+4	3.59710000E+4	3.05290000E+4	2.94910000E+4	2.88390000E+4	2.53260000E+4	2.22870000E+4	1.82670000E+4	1.79620000E+4	1.54670000E+4	1.19180000E+4	
736.00	2.02700000E+4	2.35050000E+4	2.70320000E+4	2.63150000E+4	2.73770000E+4	2.57330000E+4	2.47930000E+4	2.25090000E+4	2.48810000E+4	3.31050000E+4	3.58220000E+4	3.79010000E+4	3.53080000E+4	2.98830000E+4	2.95900000E+4	2.83620000E+4	2.51280000E+4	2.19580000E+4	1.80650000E+4	1.77540000E+4	1.52650000E+4	1.17130000E+4	
737.00	1.96150000E+4	2.28600000E+4	2.66530000E+4	2.55470000E+4	2.63360000E+4	2.55630000E+4	2.40500000E+4	2.26940000E+4	2.45190000E+4	3.19570000E+4	3.63960000E+4	3.75600000E+4	3.43690000E+4	2.91170000E+4	2.88660000E+4	2.77820000E+4	2.46190000E+4	2.14840000E+4	1.81540000E+4	1.75380000E+4	1.51870000E+4	1.14480000E+4	
738.00	1.98370000E+4	2.27020000E+4	2.60940000E+4	2.49730000E+4	2.63440000E+4	2.51510000E+4	2.35510000E+4	2.21330000E+4	2.39310000E+4	3.12870000E+4	3.58990000E+4	3.64310000E+4	3.36670000E+4	2.90520000E+4	2.79850000E+4	2.70520000E+4	2.42450000E+4	2.10380000E+4	1.74110000E+4	1.72610000E+4	1.50630000E+4	1.13430000E+4	
739.00	1.93220000E+4	2.21080000E+4	2.59050000E+4	2.46250000E+4	2.61680000E+4	2.45720000E+4	2.34150000E+4	2.16410000E+4	2.33560000E+4	3.07010000E+4	3.45860000E+4	3.60710000E+4	3.31100000E+4	2.84940000E+4	2.54330000E+4	2.71570000E+4	2.35590000E+4	2.15550000E+4	1.74030000E+4	1.65690000E+4	1.48130000E+4	1.10380000E+4	
740.00	1.90430000E+4	2.18060000E+4	2.54540000E+4	2.44930000E+4	2.52230000E+4	2.40080000E+4	2.32860000E+4	2.15660000E+4	2.30830000E+4	3.02930000E+4	3.39090000E+4	3.56810000E+4	3.23340000E+4	2.76520000E+4	2.52770000E+4	2.65030000E+4	2.33300000E+4	2.15380000E+4	1.72960000E+4	1.66310000E+4	1.44650000E+4	1.10280000E+4	
741.00	1.86020000E+4	2.18570000E+4	2.50350000E+4	2.38980000E+4	2.44840000E+4	2.37350000E+4	2.25660000E+4	2.12470000E+4	2.28420000E+4	2.92860000E+4	3.33570000E+4	3.51500000E+4	3.21650000E+4	2.70890000E+4	2.45550000E+4	2.51990000E+4	2.26980000E+4	2.09950000E+4	1.68520000E+4	1.61170000E+4	1.29740000E+4	1.14250000E+4	
742.00	1.82410000E+4	2.12990000E+4	2.41310000E+4	2.30850000E+4	2.38840000E+4	2.31550000E+4	2.24770000E+4	2.09550000E+4	2.21240000E+4	2.88150000E+4	3.25290000E+4	3.38610000E+4	3.11710000E+4	2.66490000E+4	2.40730000E+4	2.52010000E+4	2.20410000E+4	2.03170000E+4	1.66110000E+4	1.62480000E+4	1.25140000E+4	1.07790000E+4	
743.00	1.79310000E+4	2.08710000E+4	2.33950000E+4	2.23110000E+4	2.33840000E+4	2.24560000E+4	2.18150000E+4	2.06310000E+4	2.15760000E+4	2.81680000E+4	3.17640000E+4	3.34900000E+4	3.06980000E+4	2.62060000E+4	2.35030000E+4	2.42690000E+4	2.17670000E+4	1.99600000E+4	1.64860000E+4	1.58150000E+4	1.15430000E+4	1.05640000E+4	
744.00	1.76150000E+4	2.01550000E+4	2.30710000E+4	2.19810000E+4	2.27970000E+4	2.22020000E+4	2.15720000E+4	1.99430000E+4	2.12530000E+4	2.76460000E+4	3.11670000E+4	3.25790000E+4	3.00090000E+4	2.52030000E+4	2.31120000E+4	2.36090000E+4	2.15600000E+4	1.93370000E+4	1.62440000E+4	1.53930000E+4	1.12070000E+4	1.08550000E+4	
745.00	1.74330000E+4	2.00710000E+4	2.26100000E+4	2.14590000E+4	2.23620000E+4	2.16030000E+4	2.11920000E+4	1.99470000E+4	2.05820000E+4	2.66080000E+4	3.02950000E+4	3.14840000E+4	2.92490000E+4	2.52570000E+4	2.26680000E+4	2.31380000E+4	2.10550000E+4	1.87760000E+4	1.58860000E+4	1.53000000E+4	1.12000000E+4	1.09320000E+4	
746.00	1.71620000E+4	1.96480000E+4	2.22060000E+4	2.11740000E+4	2.16300000E+4	2.10440000E+4	2.04710000E+4	1.95380000E+4	2.04120000E+4	2.65360000E+4	2.92790000E+4	3.11330000E+4	2.63710000E+4	2.71610000E+4	2.24200000E+4	2.27660000E+4	2.06140000E+4	1.87050000E+4	1.56450000E+4	1.49900000E+4	1.10590000E+4	1.04560000E+4	
747.00	1.66400000E+4	1.92880000E+4	2.15310000E+4	2.05570000E+4	2.09880000E+4	2.03860000E+4	2.01380000E+4	1.90860000E+4	2.05210000E+4	2.58710000E+4	2.87810000E+4	3.05180000E+4	2.37590000E+4	2.57380000E+4	2.14330000E+4	2.21020000E+4	2.01220000E+4	1.83030000E+4	1.54900000E+4	1.47970000E+4	1.09770000E+4	9.95600000E+3	
748.00	1.65800000E+4	1.92190000E+4	2.10530000E+4	2.02120000E+4	2.06850000E+4	2.01690000E+4	1.97990000E+4	1.87320000E+4	1.98700000E+4	2.50590000E+4	2.83190000E+4	3.00710000E+4	2.38940000E+4	2.45400000E+4	2.10400000E+4	2.13910000E+4	1.97580000E+4	1.79880000E+4	1.48100000E+4	1.46110000E+4	1.07610000E+4	9.83100000E+3	
749.00	1.61910000E+4	1.84460000E+4	2.04310000E+4	1.95410000E+4	2.03370000E+4	1.99660000E+4	1.95710000E+4	1.82000000E+4	1.93780000E+4	2.45680000E+4	2.73280000E+4	2.93780000E+4	2.35510000E+4	2.41880000E+4	2.08050000E+4	2.11570000E+4	1.90010000E+4	1.72760000E+4	1.49250000E+4	1.39820000E+4	1.07880000E+4	9.34600000E+3	
750.00	1.58840000E+4	1.82780000E+4	1.98870000E+4	1.91070000E+4	1.97120000E+4	1.89960000E+4	1.91790000E+4	1.78440000E+4	1.91170000E+4	2.39250000E+4	2.71090000E+4	2.91720000E+4	2.13780000E+4	2.36380000E+4	2.03060000E+4	2.06630000E+4	1.88960000E+4	1.71290000E+4	1.46540000E+4	1.38910000E+4	1.09400000E+4	9.17400000E+3	
751.00	1.55750000E+4	1.80960000E+4	1.92610000E+4	1.86030000E+4	1.89820000E+4	1.86570000E+4	1.86850000E+4	1.77990000E+4	1.88920000E+4	2.33310000E+4	2.61080000E+4	2.85370000E+4	1.98570000E+4	2.27860000E+4	1.99120000E+4	2.02720000E+4	1.84090000E+4	1.67370000E+4	1.42920000E+4	1.36470000E+4	1.07530000E+4	8.72600000E+3	
752.00	1.51900000E+4	1.75480000E+4	1.91730000E+4	1.83660000E+4	1.87420000E+4	1.84900000E+4	1.82650000E+4	1.74770000E+4	1.81440000E+4	2.33160000E+4	2.53010000E+4	2.77760000E+4	1.87180000E+4	2.23340000E+4	1.97770000E+4	1.98450000E+4	1.82460000E+4	1.67300000E+4	1.43060000E+4	1.34570000E+4	1.05080000E+4	8.63600000E+3	
753.00	1.50520000E+4	1.72720000E+4	1.87350000E+4	1.77770000E+4	1.80120000E+4	1.78790000E+4	1.84230000E+4	1.71110000E+4	1.81620000E+4	2.22920000E+4	2.51020000E+4	2.69600000E+4	1.90510000E+4	2.21140000E+4	1.85740000E+4	1.92530000E+4	1.78030000E+4	1.65730000E+4	1.39440000E+4	1.32710000E+4	1.04310000E+4	8.38000000E+3	
754.00	1.46460000E+4	1.70660000E+4	1.82590000E+4	1.78880000E+4	1.78940000E+4	1.76460000E+4	1.76970000E+4	1.67250000E+4	1.74090000E+4	2.23050000E+4	2.45480000E+4	2.63820000E+4	1.85950000E+4	2.13670000E+4	1.84220000E+4	1.90910000E+4	1.76460000E+4	1.61400000E+4	1.38500000E+4	1.29700000E+4	1.03030000E+4	8.17600000E+3	
755.00	1.48520000E+4	1.67680000E+4	1.78220000E+4	1.74150000E+4	1.75840000E+4	1.73210000E+4	1.77050000E+4	1.66500000E+4	1.69560000E+4	2.14650000E+4	2.42940000E+4	2.64500000E+4	1.84710000E+4	2.09780000E+4	1.82610000E+4	1.85470000E+4	1.73280000E+4	1.59760000E+4	1.37130000E+4	1.27930000E+4	1.02330000E+4	7.85900000E+3	
756.00	1.43000000E+4	1.64890000E+4	1.76510000E+4	1.72780000E+4	1.70450000E+4	1.67620000E+4	1.75810000E+4	1.63110000E+4	1.69360000E+4	2.08530000E+4	2.36710000E+4	2.58870000E+4	1.86290000E+4	2.10390000E+4	1.79470000E+4	1.78050000E+4	1.70620000E+4	1.57580000E+4	1.35820000E+4	1.26460000E+4	1.00500000E+4	7.83500000E+3	
757.00	1.38730000E+4	1.61540000E+4	1.75060000E+4	1.68340000E+4	1.66650000E+4	1.64180000E+4	1.69880000E+4	1.64660000E+4	1.63160000E+4	2.08160000E+4	2.33310000E+4	2.53780000E+4	1.84760000E+4	2.02280000E+4	1.75170000E+4	1.76970000E+4	1.68620000E+4	1.55870000E+4	1.34020000E+4	1.24590000E+4	1.00660000E+4	7.46100000E+3	
758.00	1.40630000E+4	1.57400000E+4	1.70290000E+4	1.64080000E+4	1.64070000E+4	1.61490000E+4	1.69470000E+4	1.68950000E+4	1.64080000E+4	2.01970000E+4	2.29720000E+4	2.50460000E+4	1.89110000E+4	2.02300000E+4	1.74900000E+4	1.73700000E+4	1.65270000E+4	1.51000000E+4	1.31670000E+4	1.20790000E+4	9.95500000E+3	7.34500000E+3	
759.00	1.39440000E+4	1.59510000E+4	1.70260000E+4	1.70520000E+4	1.60420000E+4	1.60690000E+4	1.65550000E+4	1.65580000E+4	1.57890000E+4	1.99300000E+4	2.23880000E+4	2.45990000E+4	1.84450000E+4	1.98000000E+4	1.69420000E+4	1.72270000E+4	1.64560000E+4	1.51080000E+4	1.30670000E+4	1.18210000E+4	9.94200000E+3	7.20900000E+3	
760.00	1.36480000E+4	1.55320000E+4	1.66460000E+4	1.66900000E+4	1.55030000E+4	1.56810000E+4	1.63940000E+4	1.66290000E+4	1.56620000E+4	1.94610000E+4	2.25200000E+4	2.41140000E+4	1.84840000E+4	1.94310000E+4	1.68050000E+4	1.69020000E+4	1.61080000E+4	1.51170000E+4	1.32130000E+4	1.19010000E+4	9.48400000E+3	7.03700000E+3	
761.00	1.32000000E+4	1.52730000E+4	1.62930000E+4	1.64730000E+4	1.54090000E+4	1.53410000E+4	1.62150000E+4	1.61800000E+4	1.53230000E+4	1.93250000E+4	2.17900000E+4	2.41560000E+4	1.80550000E+4	1.89810000E+4	1.68430000E+4	1.64770000E+4	1.59100000E+4	1.48000000E+4	1.27750000E+4	1.18900000E+4	9.16400000E+3	6.73500000E+3	
762.00	1.35950000E+4	1.51090000E+4	1.61310000E+4	1.61690000E+4	1.48940000E+4	1.51490000E+4	1.61800000E+4	1.59720000E+4	1.52620000E+4	1.92140000E+4	2.16200000E+4	2.37970000E+4	1.81690000E+4	1.91080000E+4	1.64550000E+4	1.65520000E+4	1.58880000E+4	1.44990000E+4	1.25430000E+4	1.17060000E+4	9.17800000E+3	7.33400000E+3	
763.00	1.29910000E+4	1.48090000E+4	1.59940000E+4	1.56540000E+4	1.47920000E+4	1.47100000E+4	1.56690000E+4	1.57540000E+4	1.48940000E+4	1.93170000E+4	2.12290000E+4	2.33010000E+4	1.82730000E+4	1.86090000E+4	1.60600000E+4	1.58920000E+4	1.55470000E+4	1.38490000E+4	1.24910000E+4	1.15580000E+4	9.42400000E+3	7.04600000E+3	
764.00	1.31620000E+4	1.47080000E+4	1.57430000E+4	1.53730000E+4	1.43210000E+4	1.43160000E+4	1.57410000E+4	1.54900000E+4	1.47280000E+4	1.85590000E+4	2.09860000E+4	2.29940000E+4	1.81140000E+4	1.82280000E+4	1.58540000E+4	1.58580000E+4	1.56190000E+4	1.41180000E+4	1.23680000E+4	1.12990000E+4	9.32700000E+3	6.80500000E+3	
765.00	1.29680000E+4	1.45540000E+4	1.53790000E+4	1.52400000E+4	1.42530000E+4	1.42060000E+4	1.53580000E+4	1.54160000E+4	1.46490000E+4	1.82390000E+4	2.05550000E+4	2.29550000E+4	1.80260000E+4	1.81420000E+4	1.58940000E+4	1.57290000E+4	1.57370000E+4	1.40920000E+4	1.23990000E+4	1.09430000E+4	9.10600000E+3	6.53900000E+3	
766.00	1.26200000E+4	1.45080000E+4	1.50070000E+4	1.48460000E+4	1.39880000E+4	1.39840000E+4	1.59090000E+4	1.52120000E+4	1.42560000E+4	1.77070000E+4	2.06560000E+4	2.22390000E+4	1.80370000E+4	1.79960000E+4	1.56240000E+4	1.56010000E+4	1.50590000E+4	1.37640000E+4	1.23680000E+4	1.09560000E+4	9.26700000E+3	6.54000000E+3	
767.00	1.25890000E+4	1.43200000E+4	1.48580000E+4	1.44660000E+4	1.37860000E+4	1.16600000E+4	1.54540000E+4	1.49760000E+4	1.41130000E+4	1.76200000E+4	1.99720000E+4	2.21620000E+4	1.78880000E+4	1.73590000E+4	1.53010000E+4	1.51190000E+4	1.49850000E+4	1.35960000E+4	1.20440000E+4	1.08690000E+4	9.07700000E+3	6.37900000E+3	
768.00	1.24270000E+4	1.40700000E+4	1.44620000E+4	1.43850000E+4	1.30430000E+4	1.16910000E+4	1.54220000E+4	1.46510000E+4	1.40100000E+4	1.73360000E+4	1.97990000E+4	2.14620000E+4	1.77580000E+4	1.71850000E+4	1.46550000E+4	1.50480000E+4	1.48640000E+4	1.33530000E+4	1.23360000E+4	1.07090000E+4	8.96500000E+3	6.28200000E+3	
769.00	1.21690000E+4	1.36250000E+4	1.42890000E+4	1.36750000E+4	1.35510000E+4	1.18070000E+4	1.50670000E+4	1.42150000E+4	1.37610000E+4	1.69710000E+4	1.92170000E+4	2.15680000E+4	1.73320000E+4	1.70310000E+4	1.50200000E+4	1.46380000E+4	1.43650000E+4	1.27780000E+4	1.18080000E+4	1.04470000E+4	9.07800000E+3	6.11900000E+3	
770.00	1.17870000E+4	1.34060000E+4	1.42530000E+4	1.36100000E+4	1.31310000E+4	1.13100000E+4	1.48120000E+4	1.40750000E+4	1.36310000E+4	1.67740000E+4	1.88970000E+4	2.09910000E+4	1.70190000E+4	1.68030000E+4	1.44160000E+4	1.43710000E+4	1.51260000E+4	1.27400000E+4	1.16650000E+4	1.02610000E+4	8.82700000E+3	5.99500000E+3	
771.00	1.17860000E+4	1.29370000E+4	1.37930000E+4	1.33140000E+4	1.29180000E+4	1.12120000E+4	1.43170000E+4	1.40310000E+4	1.31820000E+4	1.63360000E+4	1.87390000E+4	2.07760000E+4	1.69520000E+4	1.60830000E+4	1.38960000E+4	1.39660000E+4	1.46400000E+4	1.26070000E+4	1.15660000E+4	1.01890000E+4	8.76800000E+3	5.91900000E+3	
772.00	1.15320000E+4	1.30440000E+4	1.30390000E+4	1.29210000E+4	1.23470000E+4	1.09820000E+4	1.39150000E+4	1.35550000E+4	1.30760000E+4	1.58440000E+4	1.83070000E+4	2.00640000E+4	1.66050000E+4	1.59390000E+4	1.38130000E+4	1.36900000E+4	1.38840000E+4	1.22930000E+4	1.13630000E+4	9.66500000E+3	8.77700000E+3	5.86200000E+3	
773.00	1.10830000E+4	1.29510000E+4	1.28640000E+4	1.26740000E+4	1.20220000E+4	1.07220000E+4	1.38730000E+4	1.32710000E+4	1.26600000E+4	1.57530000E+4	1.78960000E+4	1.95690000E+4	1.61610000E+4	1.56010000E+4	1.36210000E+4	1.33840000E+4	1.31920000E+4	1.23880000E+4	1.10920000E+4	9.82100000E+3	8.68200000E+3	5.67400000E+3	
774.00	1.11420000E+4	1.23900000E+4	1.24630000E+4	1.23140000E+4	1.18870000E+4	1.07100000E+4	1.34670000E+4	1.31630000E+4	1.22350000E+4	1.52930000E+4	1.73410000E+4	1.90070000E+4	1.57730000E+4	1.52360000E+4	1.32250000E+4	1.31440000E+4	1.28450000E+4	1.22250000E+4	1.10570000E+4	9.34600000E+3	8.41900000E+3	5.39100000E+3	
775.00	1.06520000E+4	1.20560000E+4	1.21500000E+4	1.18040000E+4	1.14810000E+4	1.04090000E+4	1.33240000E+4	1.26730000E+4	1.23910000E+4	1.47480000E+4	1.69250000E+4	1.85900000E+4	1.58380000E+4	1.48770000E+4	1.28010000E+4	1.28410000E+4	1.26430000E+4	1.17700000E+4	1.08240000E+4	9.16600000E+3	8.32700000E+3	5.33500000E+3	
776.00	1.01660000E+4	1.19250000E+4	1.19390000E+4	1.15490000E+4	1.14550000E+4	1.01010000E+4	1.28180000E+4	1.23930000E+4	1.16730000E+4	1.44260000E+4	1.64050000E+4	1.83460000E+4	1.51870000E+4	1.45260000E+4	1.24740000E+4	1.27400000E+4	1.23200000E+4	1.16170000E+4	1.03090000E+4	8.92500000E+3	8.09200000E+3	5.14500000E+3	
777.00	9.97600000E+3	1.14070000E+4	1.17460000E+4	1.11950000E+4	1.06550000E+4	9.90800000E+3	1.24430000E+4	1.22580000E+4	1.15140000E+4	1.39340000E+4	1.67630000E+4	1.76590000E+4	1.50350000E+4	1.41090000E+4	1.20940000E+4	1.25040000E+4	1.22460000E+4	1.11880000E+4	1.03170000E+4	8.64800000E+3	8.01600000E+3	5.05600000E+3	
778.00	9.62700000E+3	1.11900000E+4	1.11810000E+4	1.05290000E+4	1.04540000E+4	9.73300000E+3	1.21360000E+4	1.14790000E+4	1.12950000E+4	1.33710000E+4	1.61220000E+4	1.74550000E+4	1.44920000E+4	1.38320000E+4	1.15620000E+4	1.21420000E+4	1.15710000E+4	1.07920000E+4	1.00620000E+4	8.40400000E+3	7.75800000E+3	5.05700000E+3	
779.00	9.48500000E+3	1.07340000E+4	1.12340000E+4	1.03700000E+4	1.02010000E+4	9.32200000E+3	1.18920000E+4	1.13380000E+4	1.09470000E+4	1.31570000E+4	1.55570000E+4	1.69010000E+4	1.41550000E+4	1.33870000E+4	1.13080000E+4	1.18340000E+4	1.11450000E+4	1.02980000E+4	9.69800000E+3	8.21300000E+3	7.41500000E+3	4.69800000E+3	
780.00	8.90300000E+3	1.05060000E+4	1.07600000E+4	1.00760000E+4	9.97100000E+3	9.35800000E+3	1.12540000E+4	1.09670000E+4	1.06560000E+4	1.28380000E+4	1.49510000E+4	1.61360000E+4	1.35690000E+4	1.30220000E+4	1.09330000E+4	1.13080000E+4	1.09610000E+4	1.02230000E+4	9.40600000E+3	7.89900000E+3	7.34700000E+3	4.59400000E+3	
